10100
10000
00100
01010
01111
11010
11100
01011
00100
01010
11111
01000
01100
11111
00010
10100
11111
01000
10100
11111
00101
10011
11011
11001
01110
01000
01111
01011
01110
01011
11110
11011
01010
10100
01010
01100
01011
11000
01011
01101
11011
01011
11110
01000
11011
01011
01011
10110
10011
01011
00000
00100
11011
10011
11010
11111
11010
00100
01010
10100
01001
11111
11111
11110
01110
11110
00101
01010
01110
11011
01111
00110
01010
01010
01010
01000
01011
01100
11011
11100
10011
01110
11011
11110
11010
11100
11111
00011
11110
01010
01110
11100
11011
00111
11000
00100
01011
11101
01011
10100
11011
11101
11011
00000
01011
01110
00100
10100
10100
11110
11111
00101
01000
11000
00101
01000
10100
01000
11011
11110
00011
10100
11100
11111
01010
01000
11110
11111
01000
01100
11011
11110
01000
11001
11100
10100
01000
00011
01010
11100
00100
00000
01011
00100
00111
00010
10011
11010
01011
00101
01010
10100
11111
11111
01001
00000
11110
11111
01101
11011
11110
10100
11110
00010
01010
01010
00100
11111
00010
11001
00100
01011
01011
01000
10011
10100
01010
11011
01000
01000
01011
01011
01000
11111
11110
00100
01011
01000
01100
01010
10000
11111
01011
11000
10100
11011
00100
11011
11111
10100
01010
11001
11011
11000
00111
11111
11111
01011
10100
00011
11111
11101
10110
11011
01000
01010
01001
10100
00100
11110
01110
01100
00100
11010
11101
10110
01001
11011
00110
11110
10100
01010
10010
10110
01010
11110
01011
11110
11110
00100
10111
01010
11011
10100
01101
11110
00100
10100
01010
00011
11011
10100
11110
10100
01010
11111
00100
00100
11011
01011
01011
11110
01010
11110
10111
01010
00100
01001
11111
01011
01000
01010
11110
01000
11011
00101
11111
10100
00100
11111
01011
11011
10011
00100
00100
00111
01000
00100
00100
11111
00100
10000
00100
01000
11011
11111
01110
00000
11111
00100
01011
10100
11110
11101
10100
01011
11110
11110
11110
11011
00100
01010
01111
10000
11110
01001
11001
01011
11011
01000
01110
00100
01000
11111
01010
11110
10011
00011
11011
00100
11110
00000
11010
01000
01010
11111
01111
11000
11011
00100
11110
11111
01000
10100
01010
11011
00010
10001
11011
11011
00100
11110
01001
11100
01111
01000
11011
11100
11010
11111
01010
01001
00111
10100
01011
01011
01101
01010
00000
01110
01010
01100
11111
01000
10110
10111
01010
01110
11111
01010
11011
11110
01011
11111
10110
10000
11011
01011
11011
01010
11111
10100
01001
01100
11110
11100
01111
01011
01011
11111
00100
11110
11110
01000
01011
10100
11100
11111
11111
01010
01000
01111
10100
11000
00100
10111
11111
11111
11111
11111
11111
00100
11111
01010
01010
01101
11111
10100
01011
01011
11110
11101
00110
01001
01011
01000
10100
01000
10100
11111
11110
00100
01000
01011
10111
01011
01001
01010
01000
11110
11010
01011
11010
10011
10011
01011
01111
11111
11011
11110
00100
10000
01011
00100
01011
00100
01000
11100
11010
11010
00100
01000
00010
00100
00100
11111
11110
01000
01010
11111
10100
01011
01110
01010
10100
11011
10010
11101
00100
10100
11111
00111
01111
10110
01010
11111
01111
01110
11110
00000
11110
00101
01011
01111
01110
00011
01010
01011
11111
11111
10100
11111
11110
01011
00100
10100
01010
00000
11111
11111
10100
10101
11001
11111
01110
10100
01000
01001
10011
01000
00010
01011
11011
01010
11110
11011
11000
11110
00100
01000
11111
11110
00100
11011
00000
00101
00100
01010
01011
11111
01011
00100
01010
00000
00010
01011
10001
01001
01011
00100
11000
01011
01000
01111
01000
01010
00100
11011
01010
11111
01011
01000
11011
11011
11110
00101
11011
11110
01010
01100
10101
01001
11110
11010
11110
01100
10011
01000
01010
11011
11111
01000
00100
00100
01011
11011
01000
01110
10010
11110
01000
00000
10000
01011
01010
11011
11010
00100
10100
11100
11111
00000
11100
00100
11010
10100
11111
10110
00100
11001
01010
11110
00010
01010
11010
01000
10111
11010
11011
11110
01011
00110
01010
01011
00100
11011
00100
00100
11111
11100
01010
01010
11110
10101
01010
01100
11110
00000
11111
10100
01000
11100
00100
01011
10100
01001
11110
11010
01000
01000
00100
10100
01000
10100
11101
11110
00100
01010
01011
01011
01011
01101
11011
01010
01010
01011
01000
10110
01011
11111
11101
01000
01001
11011
10100
00000
10110
01011
11011
11011
11111
11010
11111
01010
01010
00100
11110
01000
10100
10000
