0.0149580000
0.0033920000
0.0017720000
0.0012780000
0.0025920000
0.0086580000
0.0012780000
0.0090720000
0.0681020000
0.0150480000
0.0076680000
0.0017820000
0.0078480000
0.0034020000
0.0017820000
0.0013680000
0.0682020000
0.0159480000
0.0085680000
0.0098820000
0.0159480000
0.0763020000
0.0106820000
0.0814680000
0.0151380000
0.0042120000
0.0025920000
0.0014580000
0.0042120000
0.0160380000
0.0086580000
0.0106920000
0.0025020000
0.0078480000
0.0004680000
0.0017820000
0.0006480000
0.0034020000
0.0017820000
0.0085680000
0.0150380000
0.0681120000
0.0024920000
0.0077580000
0.0033120000
0.0151380000
0.0077580000
0.0033920000
0.0079380000
0.0042120000
0.0025920000
0.0086580000
0.0042120000
0.0232380000
0.0158580000
0.0762920000
0.0041220000
0.0152280000
0.0078480000
0.0034020000
0.0152280000
0.0698220000
0.0682020000
0.0231480000
