010111100
000000000
101100100
110011000
111110100
111100011
001000010
010101110
001000000
001000010
011101001
010000010
001000010
101101011
111110100
111100010
001000010
010101110
000111100
010111101
111110100
010000000
110111000
011111100
100111000
111100100
010101110
010101110
110111000
001100010
001000110
010111100
010111100
010101110
010100000
111101011
010111100
010101110
110111100
111101010
110110000
111110100
001001100
011000010
111001110
111110110
010000000
110111000
010000100
010111100
110111000
110111001
001000010
010100000
111110100
101001100
101001100
010100000
011000100
010101001
001100010
010101100
101001100
100111000
100111001
010101111
010111111
111101011
111110100
111101011
010010000
101101100
110111001
010101110
011101110
111101011
110110000
110111000
001000010
001000010
110101011
101001100
010000000
000000000
010010000
101100100
010111000
110000000
010000000
101111100
001001000
111101011
010100000
000000000
111001011
010101110
010111100
001101010
010000001
010111100
010101110
100001100
010100110
011000000
000101110
100001010
101001101
111101011
110110101
001000010
010111000
110111000
110111000
001000010
000101110
011111100
011000010
001100010
010100110
010110100
110111100
010100010
111001100
111101001
010011100
111101011
001000010
010111100
001000011
010101110
010101100
110111000
111100100
010101110
010101110
111110100
010000000
011101100
101001100
110000110
010000000
010101110
001110100
110111000
110111000
111011011
010111110
000010000
111101011
001000110
010001001
000101110
010111100
110101110
111110100
101001010
001000010
111101011
001000011
010000010
010001000
111101011
010111100
111101001
101001100
011101110
110111100
010000100
010101010
111110000
101001101
010111100
101101011
110111000
110110100
100001100
101101000
010010000
011110100
111101011
111110000
000100000
010100000
010100100
010101110
010101110
010101100
011101100
010010010
110111000
000101110
111110100
010000000
111101011
110101000
111101011
010111110
010101110
101010010
010000000
010111101
101000110
001001100
111001011
011010100
101000010
110101000
111101011
001100010
010000000
001001100
111110100
010111110
110111000
010000000
111110100
001001110
110100011
000101110
111101011
010111100
101101011
101001101
010000001
011001011
000000000
110111100
011001100
010101011
010111100
010111100
010000000
010111000
110100100
101001100
111111100
110111000
111100011
001110010
100111000
010011000
010010000
010101110
101001100
010111100
010111100
010111000
111111011
010111101
111110100
111111100
101100010
111111000
111111111
111010100
110110100
010001000
010000000
001000010
010000110
101000000
011000000
110111000
010101110
101100000
010111000
010001000
110111010
010101110
100111000
010011101
101111100
010000000
001000010
101101011
011111100
110000000
001000010
110111011
001000000
111110100
111110100
111001011
010101110
101110101
111111100
110111000
110001100
000101110
000111100
101101011
011101001
011111000
010000000
010101110
111101011
010111000
111110110
010000000
101000010
101101111
110101010
111001100
110111000
111010100
001000010
001000010
001010100
010000000
110111000
101000100
110110000
101001101
101001100
010000000
111101011
110111010
110111000
111110100
010111100
010111101
011101011
010110100
100011000
101101011
101001100
010000000
110111000
001000010
010000010
010111100
111100011
010011110
111100011
101001100
110101110
010101110
111110110
110000000
001000010
111001100
011101011
111100100
110101111
111110101
111110000
110011000
110111000
001000010
111000011
110111000
111110100
110111000
101011100
110111100
101001101
011110100
111111000
011111100
001000011
001000000
010111010
011001111
101001100
001000010
101001100
111110100
110111000
110110000
100101100
111101011
001000010
110111011
110110100
010111100
011111000
010000000
000000001
010101110
010101110
100111000
010110000
111101011
001101010
111100000
101001000
010001000
111101011
101001100
001000010
111101011
010101010
101001100
110101000
110111000
110110110
111100100
110111001
010000000
101001100
011111100
001010110
010111110
110111010
011000010
010111100
011101110
101001100
110111000
111101011
010101100
010100110
010101110
111101011
111101100
010101111
111100100
101001000
111110100
101001100
111101111
101001100
010110100
111101010
010101110
110111100
101000010
010101110
011101110
111101111
010101110
001000010
111101111
001001011
010001110
011101111
110111100
111111000
010000000
010001110
111111100
101001100
111101011
010111000
010101101
111101011
010000010
010100110
010111010
010101110
010000000
010101101
010000000
101000010
110101110
100101100
001000010
101001100
110110100
010000000
011110100
111110101
111100011
011001110
010100010
010000000
001000000
010010000
011110101
011111110
010000000
011001011
011000000
111001100
111110100
111110100
011110100
111101010
101011110
001000011
001000010
101001110
110101000
110000000
011110100
101001100
110010000
110110000
001101010
011101110
010101110
011110100
010111100
001000010
110111101
100111000
111101011
001000000
001000010
001001111
111101011
100001100
110111000
001000010
110111000
001000010
111110000
100011100
111110100
101101100
101001101
010000000
101101100
110111000
101010001
110101011
111101011
110101110
101110100
101000000
011001101
110110100
111100011
110111000
001000011
010100000
101011100
101001100
111110100
111111001
111101011
101001110
110111000
111101010
001101110
010101110
000101011
101101000
111110100
000000000
001010000
010000001
110111100
010111100
010000000
010111100
010100000
010011100
101001100
110011001
010011100
101001011
000101110
111110110
001000011
101001100
111111100
010101110
010101100
110111000
011101010
010100110
101001100
111100011
110011000
010010001
110011000
111110100
010000000
110000000
011111110
110010000
001100010
010001110
010110100
111101000
010111100
010101110
110111000
001100010
010101110
101001100
010110000
101001100
101001101
001100010
001010110
110111100
010111100
001111100
001000010
010111100
111101001
010000010
111111100
000011100
101001100
110101110
101000010
010100010
010101110
101001100
111101011
010111101
010101111
010111100
111111111
010100110
010000000
111101011
001001110
111101000
101101010
111110100
010101110
111101011
001000010
110111100
010101110
011100000
111000111
101101100
011010100
010101110
110111000
011101010
010011001
010111100
111000100
001000010
010101110
110111000
101011000
011000000
010000000
001000000
010111100
110101011
010100110
111101110
101011101
011001100
110111000
010101110
111101011
010111001
000000000
111111000
011111100
111101111
001000110
010000001
011110100
111101011
001000010
101000100
110111000
010111100
011000010
111110100
101000100
110101011
110011100
111101011
010101111
101001000
010000100
010101110
111011011
111110100
010101110
110111000
101000100
110101100
010111000
010110100
010000010
100000010
001000010
111101011
010011000
101101100
100001100
010110100
111110100
111101010
110111000
001001011
011100011
110000000
001000010
110101110
111010100
111110100
100000100
000101110
010000010
111001100
001110100
101100100
