000101010
010000000
001000010
110101111
110110000
011000001
111101011
001101110
010000000
101010100
101000000
001001100
111101111
101100011
101001110
010111100
101001110
001000010
010101110
101101100
101001101
100111100
001000010
010101110
111111010
111110100
111011000
001000010
001000010
010000100
111100011
010000010
010001010
010100100
110111000
101000000
111101011
001000010
001000010
111101010
001000110
110110100
101001110
010000010
010100011
110111000
000100000
111110100
001000000
010000000
101110100
001001010
111111101
010111110
001000010
010000000
101001000
111101011
010100000
010111100
101001100
110000000
110111000
010101110
010111100
111101011
111101111
010111100
111111100
010000000
111011101
111110000
101001100
110101100
001000010
111101001
110101000
101001100
101001100
010000000
111101010
101000010
101001110
010000000
101101011
010010000
110111000
000101110
001001101
010000100
010111100
111101011
000000010
101001100
000111100
010111100
010101110
010000000
011101110
010101111
010100100
101010100
010011000
111110110
010011100
111111011
010000000
111110100
001000010
000000010
001000010
110110001
010001110
010101010
110011110
000101110
101000101
010111100
010000000
111110000
010111000
010101110
110101110
111101011
010001110
001010010
111110100
010111110
101000100
011010000
111100011
010111110
110111000
100111000
001000010
100001101
111101011
101000010
010111100
000101100
110110000
010111100
010101110
010111100
010111100
010101110
010101110
011100000
001000000
010001011
011000000
111101011
010111110
101001100
111101011
111001100
110110100
101011101
101001100
010000000
001011100
001000010
001000010
101011100
101001110
000111100
111100111
011000000
101000100
001000010
111101011
001000010
010000100
011101001
011111100
101000010
111110100
000111000
110100100
010111110
111001111
110011000
111010000
111101011
110111100
001010010
101000100
110111010
110111010
111110100
010111100
000000010
110111000
010101100
110000001
001000000
010110110
101101100
001001111
010101110
001101011
111101011
110111010
101101111
100111000
111111000
010100001
110110000
001000010
101100011
010000000
000000010
111110000
010101100
111111011
110101000
110011001
110100000
111111100
010001010
111111011
010101110
001000010
111110100
001000010
011101110
111100100
010101010
110111000
101110100
110101011
010000000
110110000
111101000
001100010
111110100
111110100
010101110
111110100
111110100
001001010
110111000
111110100
111100000
001010011
010111100
101001100
010111100
010111100
001000010
000000010
010101110
010111101
101001100
111110100
001000010
010110010
111101011
111100010
001001000
110100011
001000010
111110100
010100010
101001110
011101011
100011100
010000100
010111000
010101100
101011100
010111101
101001100
101000100
110011000
111110110
101000010
101001000
101011100
101001000
010111100
010011100
101000100
010011100
110001010
111101011
111001011
110111100
010000100
000110100
010000001
101001100
001001110
001000011
111111101
010110110
001000010
100011001
110101110
011011110
001010010
100101011
001000010
110111000
111110100
000111110
101001100
111100011
101110100
001111100
001000010
011010010
001000000
111100101
100101110
010101110
110111001
010000100
100101000
100001100
001000100
111001011
110101110
010000001
010111110
010101110
111110100
110011000
111110100
110111001
110111110
010101110
111101010
010101110
111100011
110110100
100001101
010000000
101001101
101101001
110101010
001000010
010011100
101001100
111101011
010001110
111101011
111110110
001000010
110111000
010111100
001100010
010001000
010111000
000001110
110101110
011001010
010110000
111101011
111110101
011010100
010101110
101001101
010111100
111101011
010101100
001010010
000001000
010000000
001000010
111110000
110101000
101001100
111110100
101011100
110110000
010000000
010101100
101011100
111100100
010101100
011001010
010101100
010101101
101001100
111110100
111110110
101001100
000101000
010101010
110000001
111110100
001101110
111100011
111101011
001000010
111101111
101001100
111101010
110100000
110101000
111101011
110111000
010111100
010111100
111110101
010100110
010111100
001101010
010101110
101001100
010000000
010111110
101001110
010111100
110111000
100101100
010101110
110111000
101001100
011000110
010000000
111111011
010000000
010111100
101001100
111110100
010101110
001001010
110110000
111110100
011000110
111111101
010101110
111101011
000000000
110101000
111101011
010101100
111101010
101001101
010101110
001000000
110001110
010111100
101001000
010000001
000010010
001000010
101110100
001010010
010101110
101001100
010101010
011101100
010111100
110111011
010111100
010101100
111111011
010000000
101110100
101100111
010110100
110111000
110111000
011101110
010101110
001001010
111101011
111111001
010101100
010101110
101110101
110111100
111101001
110111001
110101000
101100011
000000110
011111000
110110100
010101110
010011100
010111100
101001000
000000010
110111000
110110100
010001010
010011100
010000000
010111100
111110100
010111100
111110100
010000000
010010000
100001100
010000000
