100000
001000
010100
011111
110101
111001
010111
001000
010101
111110
010000
011000
111110
000101
101001
111110
010001
101001
111110
001010
100111
110111
110011
011101
010000
011111
010111
011101
010111
111100
110111
010101
101001
010101
011001
010110
110000
010111
011011
110111
010111
111101
010000
110111
010111
010111
101101
100111
010111
000000
001000
110110
100111
110101
111110
110101
001000
010101
101001
010010
111110
111110
111101
011101
111101
001010
010101
011100
110111
011110
001100
010101
010101
010101
010000
010111
011000
110111
111000
100111
011100
110111
111101
110100
111001
111110
000111
111101
010101
011101
111000
110111
001110
110001
001000
010111
111010
010111
101001
110111
111011
110111
000000
010111
011100
001000
101000
101001
111100
111110
001010
010001
110001
001010
010001
101001
010000
110111
111101
000110
101000
111000
111110
010101
010000
111101
111110
010000
011000
110111
111101
010000
110011
111001
101001
010000
000111
010101
111001
001000
000000
010111
001000
001111
000100
100111
110101
010111
001011
010101
101001
111110
111111
010010
000000
111100
111110
011010
110111
111101
101001
111101
000100
010101
010101
001001
111110
000101
110011
001000
010111
010111
010000
100111
101000
010101
110111
010000
010000
010110
010111
010000
111110
111100
001000
010111
010001
011000
010101
100000
111110
010111
110000
101001
110111
001000
110111
111110
101001
010101
110011
110110
110000
001110
111110
111110
010111
101001
000111
111111
111010
101101
110111
010000
010101
010011
101001
001000
111101
011100
011000
001000
110101
111010
101101
010010
110111
001101
111100
101001
010101
100100
101101
010100
111101
010111
111101
111100
001000
101110
010101
110111
101001
011010
111101
001000
101001
010101
000111
110111
101001
111101
101001
010101
111111
001001
001000
110111
010111
010111
111101
010101
111101
101110
010101
001000
010011
111110
010111
010000
010101
111101
010000
110111
001011
111110
101000
001000
111110
010111
110111
100111
001000
001000
001111
010000
001000
001000
111110
001000
100001
001001
010000
110111
111110
011101
000000
111111
001000
010111
101000
111101
111011
101001
010111
111100
111101
111101
110111
001000
010101
011110
100001
111100
010010
110010
010111
110111
010000
011101
001000
010000
111110
010101
111101
100111
000111
110111
001000
111100
000000
110100
010000
010101
111110
011110
110000
110111
001000
111100
111110
010000
101001
010101
110111
000101
100011
110111
110111
001000
111100
010010
111001
011111
010000
110111
111001
110101
111110
010100
010010
001110
101000
010111
010111
011011
010101
000000
011101
010101
011000
111110
010000
101101
101110
010101
011101
111110
010101
110110
111101
010111
111111
101101
100000
110110
010111
110110
010101
111110
101000
010010
011000
111101
111001
011110
010110
010111
111111
001001
111101
111101
010001
010110
101001
111001
111110
111111
010101
010000
011110
101001
110000
001000
101110
111110
111110
111110
111110
111110
001000
111110
010101
010101
011010
111110
101001
010110
010111
111101
111011
001100
010011
010111
010000
101001
010001
101001
111110
111101
001000
010000
010111
101110
010111
010011
010101
010000
111101
110101
010111
110101
100111
100111
010111
011110
111111
110111
111100
001001
100001
010111
001000
010111
001000
010001
111001
110101
110101
001000
010000
000100
001000
001000
111110
111101
010000
010100
111110
101001
010111
011101
010101
101001
110111
100101
111011
001001
101001
111111
001111
011111
101101
010101
111110
011110
011101
111101
000001
111101
001010
010111
011110
011101
000111
010101
010111
111110
111110
101001
111110
111101
010111
001001
101001
010101
000000
111111
111110
101000
101011
110011
111110
011101
101001
010001
010010
100111
010001
000101
010111
110111
010101
111101
110110
110000
111101
001000
010000
111110
111101
001000
110111
000001
001011
001000
010101
010111
111110
010111
001001
010101
000000
000101
010111
100011
010011
010111
001000
110001
010111
010000
011111
010000
010101
001001
110111
010101
111110
010111
010000
110110
110111
111101
001010
110111
111101
010101
011001
101011
010011
111101
110101
111101
011000
100111
010000
010101
110111
111110
010000
001000
001000
010111
110111
010001
011101
100101
111100
010000
000000
100001
010110
010101
110111
110101
001000
101001
111001
111110
000000
111001
001000
110101
101001
111110
101101
001000
110011
010100
111100
000101
010101
110100
010000
101110
110101
110111
111101
010111
001100
010100
010111
001000
110110
001000
001000
111110
111001
010100
010101
111100
101011
010100
011000
111101
000000
111111
101001
010000
111001
001000
010111
101001
010011
111101
110101
010000
010000
001000
101001
010000
101001
111010
111101
001001
010101
010111
010111
010111
011011
110111
010101
010101
010111
010000
101101
010111
111110
111011
010001
010010
110111
101001
000000
101101
010111
110111
110111
111110
110101
111110
010101
010101
001000
111101
010000
101001
100001
111010
010111
001100
010111
001000
010101
101101
001000
111111
101000
010101
111100
001100
010101
111110
010010
110111
001000
101000
110001
010000
010101
101001
101001
010000
010111
111111
010101
110111
010000
011100
100110
101001
110111
111000
110101
111001
111101
010101
111100
100111
010100
010000
110111
101101
001000
101001
001000
010111
101001
110000
010000
001000
101001
111010
111000
010111
101001
110111
111101
011111
111101
010101
010001
010101
110111
111101
011101
110101
001100
100001
010111
010111
010000
101100
110011
101101
110111
011010
111101
101001
111101
010111
110101
010000
001000
111110
010111
001000
101011
111110
110111
111111
111110
011001
010001
001000
010101
101101
111110
000000
111010
110111
110101
001010
001000
110111
101110
010111
010110
000101
111111
111100
111110
111010
011010
111101
010000
110011
010010
010111
111101
010111
111101
101001
010101
010100
000000
101001
111100
010001
011101
111111
010111
111110
111100
011111
101101
001000
100101
110111
010001
001000
000101
010000
010010
111001
011011
101000
010101
010101
101001
110111
010000
010111
101110
111110
010101
010111
101001
001100
101010
111110
010101
011101
001001
100110
111110
101001
010000
010101
101101
111101
011001
011111
111001
001000
111110
011101
010101
110111
010100
001101
010100
110011
001000
011000
010010
101001
001100
110111
111110
010101
010110
101001
110111
001000
110100
111010
110111
011000
111011
101001
010000
010101
101001
101001
111001
110110
010000
010111
110111
011010
010001
111110
011000
010101
100011
010101
010101
110001
111000
010111
010000
011101
010111
010111
010010
110111
010000
000111
110101
110111
010010
010000
101001
111110
010100
101000
010100
110111
011101
010111
110000
101000
010000
010111
111110
111001
100011
110001
001100
010111
111101
010000
111111
111101
110101
010111
001000
010101
110111
010111
111001
010000
111100
111101
110111
010000
010001
001000
001000
110111
011111
110111
010101
010110
111101
111111
001000
110111
101001
000000
101011
010101
010110
111110
110111
001000
110101
000000
111101
101001
101101
000001
001000
100111
010111
111010
010101
010111
001001
100001
111110
010100
110111
010000
111101
100100
001001
110111
111101
001101
001001
010011
100101
111110
111101
010101
000111
101001
101001
010010
101001
111111
001101
010101
111101
010000
001010
010000
110111
001010
001000
101101
110111
110111
010111
111110
010000
011000
010111
101001
010000
001110
111111
010101
011111
111110
010101
010111
101001
001000
000100
101101
010111
001000
010101
110101
110111
100001
010001
111101
010000
110111
010000
111110
110111
100000
010111
101001
110001
101001
110101
001000
010111
110111
011000
111110
101000
010101
111101
010111
101001
101110
111101
010000
111101
101001
010111
010101
111111
111110
101001
010110
111110
000001
001000
011110
101001
000000
010000
001000
010011
010000
001001
001010
010111
001010
110111
010111
001001
110000
110111
010111
000000
110000
110111
111101
110110
101001
010101
010011
001000
111010
101001
010101
001001
010101
110111
010000
001000
010111
010101
110101
101001
011101
111110
111101
001010
010011
010111
001000
110111
110111
010101
111101
101001
010001
101100
110011
110111
111110
111110
010111
010111
000100
010111
010000
001001
111010
000100
001010
110010
101001
010111
111001
010010
010000
100101
001000
110101
111110
111001
111101
001000
010111
111101
111101
101001
110000
010100
010100
001000
111101
010101
111111
000000
111001
100111
000111
110010
110110
110101
110101
110101
110111
010111
111110
011110
010100
111111
010101
011000
110101
111001
010101
000111
101001
101001
110111
010100
111011
110111
111101
110111
110011
101001
111101
010001
110011
110111
110111
001010
010101
111110
110111
010000
011110
111001
111101
100111
001000
010001
000101
010000
001000
110101
110110
011000
111101
001101
010000
101010
101000
001001
111101
101100
101001
010111
101001
001000
010101
101101
101001
100111
001000
010101
111111
111110
111011
001000
001000
010000
111100
010000
010001
010100
110111
101000
111101
001000
001000
111101
001000
110110
101001
010000
010100
110111
000100
111110
001000
010000
101110
001001
111111
010111
001000
010000
101001
111101
010100
010111
101001
110000
110111
010101
010111
111101
111101
010111
111111
010000
111011
111110
101001
110101
001000
111101
110101
101001
101001
010000
111101
101000
101001
010000
101101
010010
110111
000101
001001
010000
010111
111101
000000
101001
000111
010111
010101
010000
011101
010101
010100
101010
010011
111110
010011
111111
010000
111110
001000
000000
001000
110110
010001
010101
110011
000101
101000
010111
010000
111110
010111
010101
110101
111101
010001
001010
111110
010111
101000
011010
111100
010111
110111
100111
001000
100001
111101
101000
010111
000101
110110
010111
010101
010111
010111
010101
010101
011100
001000
010001
011000
111101
010111
101001
111101
111001
110110
101011
101001
010000
001011
001000
001000
101011
101001
000111
111100
011000
101000
001000
111101
001000
010000
011101
011111
101000
111110
000111
110100
010111
111001
110011
111010
111101
110111
001010
101000
110111
110111
111110
010111
000000
110111
010101
110000
001000
010110
101101
001001
010101
001101
111101
110111
101101
100111
111111
010100
110110
001000
101100
010000
000000
111110
010101
111111
110101
110011
110100
111111
010001
111111
010101
001000
111110
001000
011101
111100
010101
110111
101110
110101
010000
110110
111101
001100
111110
111110
010101
111110
111110
001001
110111
111110
111100
001010
010111
101001
010111
010111
001000
000000
010101
010111
101001
111110
001000
010110
111101
111100
001001
110100
001000
111110
010100
101001
011101
100011
010000
010111
010101
101011
010111
101001
101000
110011
111110
101000
101001
101011
101001
010111
010011
101000
010011
110001
111101
111001
110111
010000
000110
010000
101001
001001
001000
111111
010110
001000
100011
110101
011011
001010
100101
001000
110111
111110
000111
101001
111100
101110
001111
001000
011010
001000
111100
100101
010101
110111
010000
100101
100001
001000
111001
110101
010000
010111
010101
111110
110011
111110
110111
110111
010101
111101
010101
111100
110110
100001
010000
101001
101101
110101
001000
010011
101001
111101
010001
111101
111110
001000
110111
010111
001100
010001
010111
000001
110101
011001
010110
111101
111110
011010
010101
101001
010111
111101
010101
001010
000001
010000
001000
111110
110101
101001
111110
101011
110110
010000
010101
101011
111100
010101
011001
010101
010101
101001
111110
111110
101001
000101
010101
110000
111110
001101
111100
111101
001000
111101
101001
111101
110100
110101
111101
110111
010111
010111
111110
010100
010111
001101
010101
101001
010000
010111
101001
010111
110111
100101
010101
110111
101001
011000
010000
111111
010000
010111
101001
111110
010101
001001
110110
111110
011000
111111
010101
111101
000000
110101
111101
010101
111101
101001
010101
001000
110001
010111
101001
010000
000010
001000
101110
001010
010101
101001
010101
011101
010111
110111
010111
010101
111111
010000
101110
101100
010110
110111
110111
011101
010101
001001
111101
111111
010101
010101
101110
110111
111101
110111
110101
101100
000000
011111
110110
010101
010011
010111
101001
000000
110111
110110
010001
010011
010000
010111
111110
010111
111110
010000
010010
100001
010000
001001
110011
010101
110101
010001
010101
111101
101001
001001
010111
001000
001000
101001
001001
010000
001000
001001
011000
010000
010101
010111
010000
001011
001110
111110
010110
011001
110111
110111
110101
111101
101000
010000
101010
011001
111100
010011
110100
000000
010111
010110
001000
111011
111100
010011
110110
111101
101001
010111
110101
010111
101001
110001
010101
110010
100001
101001
010101
110111
001111
011110
101000
000000
111001
101001
001000
111101
110110
111110
110101
100001
110111
010111
010111
010111
010101
111110
100001
100001
010111
010101
010001
111110
110111
011110
101001
111100
010111
010101
011101
011011
111100
111101
111101
110101
101000
010000
111110
111101
100111
110111
111101
010101
101001
111110
010001
010000
111110
111101
001000
101001
101110
110111
101011
101001
101001
101011
001000
010000
010101
111110
011101
101011
111110
001000
010000
010101
111110
110111
001010
001000
010000
111110
010111
111101
111101
111110
101001
010101
100101
111101
111110
010111
011110
111001
010111
010010
010101
011101
010010
110111
110011
111110
110111
011001
010000
010010
111101
101101
001000
011111
110111
111001
111101
111110
011110
110011
001000
110001
100101
010000
010100
110110
010001
010101
010111
110111
010000
001000
010000
110110
001000
101001
100001
010111
010110
101000
001000
010101
010111
001100
100111
010101
001000
001010
010101
110001
111001
011110
001000
101001
111101
001000
010110
000001
101001
001000
111110
010111
101100
010101
010101
000000
111101
010101
010011
010111
010000
010101
010101
111110
111101
010101
111101
000111
101001
111101
010000
010000
111000
110000
111110
010000
001110
001000
010101
001000
101011
001000
011001
100101
001000
110101
111111
010111
100110
010111
111111
111101
111110
010111
010101
000001
001000
111110
101001
011000
010000
111110
000111
101111
101001
110111
110111
110100
101001
010111
