010101111
111110100
011110100
110000100
110111000
001000110
111100111
111110000
010000000
101001000
010101100
110111000
000101110
100011110
110111111
110111000
001000110
111100100
010010000
111001100
011111100
010000000
110111000
111001100
110101110
111110100
010100000
010010000
001110010
101000100
010111100
010111000
011011110
010101010
000000000
011101011
010101010
011000011
111110100
010000000
101101110
101110100
010101100
011101011
111110101
010101111
110110100
111101001
010111000
111111011
101101010
100000010
110110100
010111101
110110100
010101010
111110100
101000111
010010100
011000000
111101011
111001100
011110100
010110100
010111100
111111000
001001000
111101011
111101011
010001001
010110100
101001100
111001011
111110100
111111100
010101100
010000000
011110100
101001100
110000010
001000110
101110110
111110100
111110001
111110100
111110100
111110100
001000000
111110010
010101001
010101110
011010100
111110100
101001110
010110100
010111100
111101111
111011100
001100010
010011100
010111100
010000101
101001100
010001000
101001100
111110100
111101010
001000011
010000010
010111100
101110110
010111100
010011110
010101111
010000010
111101011
110101110
010111100
110101111
100111000
100111100
010111001
011110101
111111010
110111100
111100011
001001101
100001100
010111001
001000010
010111100
001000010
010001111
111001010
110101010
110101110
001000010
010000000
000100000
001000010
001000011
111110100
111101011
010000010
010100000
111110100
101001100
010111010
011101010
010101010
101001100
110111000
100101100
111011000
001001010
101001101
111111011
001111100
011111100
101101011
010101110
111110100
011110100
011101110
111101110
000001010
111101011
001010010
010111100
011110101
011101110
000111100
010101110
010111000
111110100
111110100
101001100
111110100
111101011
010111100
001001010
101001110
010101110
000000010
111111000
111110101
101000100
101011100
110011000
111110100
011101011
101001100
010001100
010010101
100111000
010001110
000101110
010111010
110111000
010101011
