01010101
11110101
11011000
11000000
11110101
00100001
01000000
11111000
11110111
00100001
11011101
00000100
00101110
00100011
01010111
01011110
11111000
01011111
00100110
01010101
00000000
00010111
01011111
10001110
01001110
01011110
00100001
11000100
01011110
01000000
01111110
01000001
01010111
00100110
11011110
01010110
11111010
01011110
01000000
11011000
11011100
11110101
00101001
11011110
11110101
01010111
01100101
10101110
01001110
11110101
11010111
11110101
01100001
10011100
01000000
01010111
11011100
11111010
01000000
00100001
00100001
01011111
11011111
01000101
01110111
10010110
11110011
01000000
00000011
10000110
01011011
01010111
11011101
11010100
00100001
10100100
11100100
11111000
00000000
11100110
00100000
11010100
10100110
11111010
10110110
00100001
11001100
01010000
11110010
00010111
01010111
11010010
01000000
10111011
11010111
11011100
11110101
01011110
00110010
01010001
01011110
00100001
11011010
00100001
00100001
11111010
11100110
01010000
01010111
11110001
10101110
01010011
01100001
11110101
00000000
11111110
10100110
01000000
11100101
00100001
01011110
10100110
01001110
11110101
11010111
01000000
01000000
00100001
10100110
01000000
10100100
11101010
11110101
00100101
01010111
01011110
01011110
01011110
01101110
11011100
01010111
01010111
01011110
01000000
10110101
01011110
11111001
11101101
01000111
01001010
11011110
10100110
00000001
10110101
01011110
11011110
11011100
11111010
11010111
11111000
01010110
01010111
00100001
11110101
01000000
10100110
10000110
11101010
01011110
00110010
01011110
00100000
01010111
10110101
00100001
11111101
10100010
01010111
11110010
00110001
01010111
11111010
01001000
11011100
00100001
10100001
11000100
01000001
01010111
10100110
10100110
01000000
01011110
11111111
01010111
11011110
01000000
01110000
10011010
10100110
11011100
11100010
11010111
11100110
11110101
01010111
11110001
10011100
01010001
01000000
11011100
10110110
00100001
10100110
00100000
01011110
10100110
11000000
01000000
00100000
10100110
11101010
11100010
01011100
10100110
11011100
11110101
01111101
11110101
01010111
01000100
01010111
11011100
11110101
01110101
11010111
00110001
10000110
01011111
01011111
01000000
10110010
11001110
10110110
11011100
01101010
11110101
10100110
11110101
01011110
11010111
01000000
00100001
11111010
01011110
00100000
10101110
11111010
11011100
11111101
11111010
01100111
01000111
00100001
01010101
10110110
11111000
00000000
11101010
11011100
11010101
00101001
00100001
11011100
10111010
01011110
01011000
00010111
11111110
11110010
11111011
11101010
01101011
11110100
01000000
11001110
01001000
01011110
11110101
01011110
11110101
10100110
01010111
01010010
00000000
10100110
11110011
01000101
01110111
11111100
