100000
001000
010100
011111
110101
111001
010111
001000
010101
111110
010000
011000
111110
000101
101001
111110
010001
101001
111110
001010
100111
110111
110011
011101
010000
011111
010111
011101
010111
111100
110111
010101
101001
010101
011001
010110
110000
010111
011011
110111
010111
111101
010000
110111
010111
010111
101101
100111
010111
000000
001000
110110
100111
110101
111110
110101
001000
010101
101001
010010
111110
111110
111101
011101
111101
001010
010101
011100
110111
011110
001100
010101
010101
010101
010000
010111
011000
110111
111000
100111
