0.0066541500
0.0066532500
0.0008293500
0.0008212500
0.0008374500
0.0008301500
0.0008950500
0.0008293500
0.0007564500
0.0007411500
0.0001740500
0.0001003500
0.0002389500
0.0001084500
0.0007645500
0.0001660500
0.0007654500
0.0008221500
0.0002470500
0.0007573500
0.0003199500
0.0008374500
0.0014215500
0.0060790500
0.0002389500
0.0001084500
0.0007645500
0.0001660500
0.0013486500
0.0002389500
0.0061438500
0.0013405500
0.0067189500
0.0538996500
0.0014125500
0.0060708500
0.0014134500
0.0061429500
0.0060790500
0.0014125500
0.0007564500
0.0059899500
0.0002380500
0.0006835500
0.0001741500
0.0006844500
0.0007573500
0.0001660500
0.0007654500
0.0060709500
0.0002470500
0.0007645500
0.0002551500
0.0014134500
0.0008383500
0.0008950500
0.0001741500
0.0006844500
0.0007573500
0.0001660500
0.0001822500
0.0001741500
0.0008302500
0.0001813500
0.0539095500
0.0067270500
0.0061519500
0.0014134500
0.0062248500
0.0014935500
0.0020776500
0.0061519500
0.0061438500
0.0007645500
0.0014206500
0.0002389500
0.0020047500
0.0003118500
0.0062167500
0.0013486500
0.0062248500
0.0014935500
0.0020776500
0.0061519500
0.0027337500
0.0068728500
0.0121297500
0.0545656500
0.0020767500
0.0003198500
0.0068647500
0.0014206500
0.0121216500
0.0020767500
0.0552208500
0.0120487500
0.0066703500
0.0067270500
0.0009031500
0.0008374500
0.0009112500
0.0014863500
0.0009112500
0.0009031500
0.0008302500
0.0007573500
0.0008302500
0.0001741500
0.0002551500
0.0001822500
0.0008383500
0.0001822500
0.0009112500
0.0014863500
0.0009112500
0.0009031500
0.0009841500
0.0067432500
0.0015673500
0.0067432500
0.0009031500
0.0002542500
0.0066703500
0.0008302500
0.0014944500
0.0009031500
0.0068080500
0.0014863500
0.0008221500
0.0007564500
0.0007573500
0.0001660500
0.0008302500
0.0002461500
0.0060142500
0.0007573500
0.0001732500
0.0000931500
0.0001732500
0.0000283500
0.0007573500
0.0001012500
0.0008221500
0.0001012500
0.0001822500
0.0001741500
0.0001822500
0.0001093500
0.0008383500
0.0008302500
0.0009031500
0.0008302500
0.0007573500
0.0001012500
0.0008221500
0.0001012500
0.0060790500
0.0007573500
0.0014854500
0.0002461500
0.0014197500
0.0061356500
0.0061357500
0.0013468500
0.0061438500
0.0019957500
0.0538366500
0.0061357500
0.0002388500
0.0006907500
0.0013396500
0.0002227500
0.0007645500
0.0002308500
0.0060709500
0.0006916500
0.0003118500
0.0013477500
0.0013486500
0.0003037500
0.0014215500
0.0061438500
0.0061519500
0.0014206500
0.0007645500
0.0002308500
0.0060709500
0.0006916500
0.0008950500
0.0007645500
0.0014854500
0.0002469500
0.0060871500
0.0008302500
0.0008383500
0.0001822500
0.0014944500
0.0009031500
0.0009760500
0.0008383500
0.0014134500
0.0001741500
0.0008950500
0.0001093500
0.0061519500
0.0007654500
0.0014935500
0.0002470500
0.0014944500
0.0009031500
0.0009760500
0.0008383500
0.0068809500
0.0073264500
0.0022225500
0.0068080500
0.0067999500
0.0008374500
0.0073255500
0.0008950500
0.0546376500
0.0067999500
0.0127128500
0.0021415500
0.0009679500
0.0014206500
0.0014215500
0.0003118500
0.0014944500
0.0061519500
0.0061600500
0.0014215500
0.0008374500
0.0002389500
0.0060790500
0.0006925500
0.0009031500
0.0007654500
0.0014863500
0.0002470500
0.0014944500
0.0061519500
0.0061600500
0.0014215500
0.0068161500
0.0539824500
0.0022153500
0.0068080500
0.0067351500
0.0014134500
0.0539743500
0.0060790500
0.0073912500
0.0067351500
0.0074632500
0.0015583500
