0.0133074000
0.0016506000
0.0016676000
0.0017244000
0.0014976000
0.0002744000
0.0003474000
0.0009306000
0.0015876000
0.0010044000
0.0011574000
0.0075006000
0.0003474000
0.0009306000
0.0015876000
0.0074844000
0.0606186000
0.0074834000
0.0075564000
0.0074916000
0.0067464000
0.0009216000
0.0008586000
0.0009234000
0.0068364000
0.0010116000
0.0016686000
0.0017334000
0.0008586000
0.0009234000
0.0003564000
0.0010116000
0.0606366000
0.0075654000
0.0077184000
0.0082296000
0.0069084000
0.0016596000
0.0023166000
0.0075654000
0.0077184000
0.0082296000
0.0096066000
0.0666954000
0.0023966000
0.0082854000
0.0141984000
0.0672696000
0.0133974000
0.0017406000
0.0023976000
0.0018144000
0.0015876000
0.0010044000
0.0004374000
0.0010206000
0.0023976000
0.0018144000
0.0077274000
0.0083106000
0.0011574000
0.0075006000
0.0023976000
0.0082944000
0.0015786000
0.0009234000
0.0010764000
0.0067716000
0.0002664000
0.0002016000
0.0008586000
0.0009234000
0.0003564000
0.0002916000
0.0016686000
0.0017334000
0.0008586000
0.0009234000
0.0068364000
0.0017316000
0.0075554000
0.0074826000
0.0081396000
0.0599724000
0.0009296000
0.0015624000
0.0009954000
0.0067626000
0.0016596000
0.0016524000
0.0075654000
0.0075726000
0.0009954000
0.0067626000
0.0016596000
0.0017324000
0.0069174000
0.0010206000
0.0023976000
0.0018144000
0.0015876000
0.0010044000
0.0069174000
0.0017406000
0.0023976000
0.0018144000
0.0142074000
0.0090306000
0.0076374000
0.0082206000
0.0614376000
0.0148544000
0.0023886000
0.0017334000
0.0076464000
0.0075816000
0.0010764000
0.0067716000
0.0016686000
0.0017334000
0.0076464000
0.0075816000
0.0607986000
0.0090234000
0.0081486000
0.0600534000
0.0141264000
0.0090216000
