001001010
110011000
010101111
110101110
010001100
010101110
111101011
101001100
001001100
010111101
001000011
001000010
101001100
001001000
010000100
001000010
001001000
011000010
010000000
010101110
010111110
010000000
001011100
001110100
111110100
010110100
011001110
110111000
110111100
110101110
111101011
101000010
010000000
101010100
011001000
111100011
010011000
110100110
000000010
010111100
010110000
001000010
111011000
111100011
010011100
110110100
111101110
101001100
010111010
110101000
010111100
101001100
110001110
010101110
110010000
100001100
101001100
010101100
110111000
001111100
011110000
101000010
000000010
111001000
101001100
001000010
111101010
110110100
111110001
110101000
100001010
110111101
010111000
010111110
010111000
010101110
111110100
100001100
100001100
010111100
010101110
010001110
111110100
110111000
011110000
101001100
111100111
010111100
010101100
011101110
011011101
111100011
111101011
111101011
110101110
101000000
010000000
111110100
111101011
100111100
110111000
111101011
010101110
101001100
111110100
010001000
010000000
111110100
111101011
001000000
101001100
101110101
110111000
101011100
101001100
101001110
101011101
001000010
010000000
010101100
111110100
011101011
101011100
111110101
001000011
010000000
010101100
111110100
110111000
001010010
001000010
010000000
111110010
010111101
111101011
111101010
111110101
101001000
010101010
100101011
111101011
111110100
010111100
011110100
111001000
010111100
010010000
010101100
011101111
010010000
110111000
110011000
111110100
110111000
011001010
010000000
010010000
111101011
101101100
001000110
011111111
110111001
111001100
111101000
111110000
011110100
110011000
001000010
110001110
100101011
010000100
010100000
110110010
010001011
010101111
010111100
110111000
010000000
001000010
010000000
110110100
001000010
101001100
100001100
010111100
010110100
101000100
001000010
010101110
010111100
001100010
100111010
010101110
001000010
001010010
010101110
110001110
111001011
011110100
001000000
101001110
111101111
001000010
010110100
000001100
101001100
001000100
111110100
010111100
101100010
010101110
010101110
000000010
111101011
010101000
010011100
010111000
010000000
010101110
010101100
111110110
111101011
010101100
111101000
000111100
101001100
111101011
010000110
010000000
111000010
110000000
111110110
010000000
001110101
001000010
010101110
001000000
101011100
001000010
011001011
100101100
001000010
110101100
111111011
010111100
100110000
010111100
111111000
111101010
111110101
010111100
010101110
000001010
001000010
111110100
101001100
011000010
010000000
111110100
000111100
101111100
101001101
110111000
110111000
110100000
101001100
010111110
111001011
001010011
010101100
110111100
111101011
110001111
001000010
111100011
111110101
011011110
010111100
010110100
101001110
010000000
001011011
111111011
100000010
100101011
010101110
001000000
001000010
001000010
110110000
110111100
111110100
111111000
010000000
000001000
110101001
010101110
111110100
011110100
011000000
010111101
010101110
101001100
010000000
111111000
111001100
111101011
111110100
110101000
111101110
110111000
011101110
000011100
100101100
101000100
110111000
111101011
101101011
001000010
001000010
111101011
111101011
010111100
001000010
001000110
001001010
111110000
010111100
011100110
111010101
010011000
101000010
101001100
010111100
001001100
010111101
001001000
010101110
010111100
010000000
111111100
110101011
111110100
111110100
010101100
001101011
111111100
100001110
110100110
111101011
010101111
101001100
010101110
010000100
000111000
010010000
010011100
110111000
100101110
110111010
010101100
010000100
101001100
010101001
110111000
010111100
010101100
110111000
010000000
110111000
010111100
001000010
101101011
101001110
001000011
011011100
011100011
110110110
010000000
101001100
111111100
000001000
110110111
010110100
011110100
010101100
011011100
011111100
111110100
111101011
111110100
111110101
010111100
110111100
111101011
001001010
110111000
101001100
010000001
101101100
110101011
110000000
000000001
111110100
010110100
111001011
010000000
101001101
001000010
101001100
101111001
010111100
110111000
011101110
001000010
000111100
001000010
010101111
111110100
010101110
111010100
101110100
110110000
110000001
010000001
111101011
010111100
111110100
000001000
001001010
001011010
110111000
001000110
010111110
100101000
100101001
010101110
111101011
011001000
010000000
101001100
001001010
110011000
010000000
111101011
001000010
010101110
010000100
101001100
010111100
011001000
011000010
101010100
010100100
010101110
010100001
001101011
101101000
111110100
111101111
111110100
001000110
110110110
001000010
111010100
111101001
011101110
111111011
011100100
101000110
010101110
111010100
101001100
100000000
010111101
110111000
001000010
101101100
001000010
010000110
000110100
100111000
111110100
010000100
001001010
100111100
000011100
010110100
011000010
001000010
111101011
010111100
101001100
001001010
111110101
010000000
011101010
001000010
010000000
001100000
010111100
001000010
011101010
101001100
010000000
110111001
001000010
101001100
111001100
101011100
000000000
001000010
001000000
001010010
100111100
111110100
010111010
110111100
010101000
111110110
010111100
010000000
010000000
001001010
001000010
111110100
110111000
001101100
101001101
011100110
001000010
111111011
010010000
101001100
010111000
011110100
111111011
110111000
010010000
110110000
011100111
010010000
101001100
010001111
111001111
010101110
001000011
111101011
010000000
110110010
111101011
110111000
111110100
010101000
010111100
101101100
001001010
111111011
110001011
110101000
101001100
100001100
010000000
001000110
010100000
000101110
101100110
010000000
111110100
001000110
010101110
111101011
101100011
010111100
110111000
010111100
010000000
111111000
111101011
110111000
010101100
100001100
001000010
000111100
111110100
010111100
010001000
110111100
100111100
110001110
001000110
011000010
010111100
010101110
010000000
111101011
110111000
101001100
010101010
101101100
