10100
10000
00100
01010
01111
11010
11100
01011
00100
01010
11111
01000
01100
11111
00010
10100
11111
01000
10100
11111
00101
10011
11011
11001
01110
01000
01111
01011
01110
01011
11110
11011
01010
10100
01010
01100
01011
11000
01011
01101
11011
01011
11110
01000
11011
01011
01011
10110
10011
01011
00000
00100
11011
10011
11010
11111
11010
00100
01010
10100
01001
11111
11111
11110
01110
11110
00101
01010
01110
11011
01111
00110
01010
01010
01010
01000
01011
01100
11011
11100
10011
01110
11011
11110
11010
11100
11111
00011
11110
01010
01110
11100
11011
00111
11000
00100
01011
11101
01011
10100
11011
11101
11011
00000
01011
01110
00100
10100
10100
11110
11111
00101
01000
11000
00101
01000
10100
01000
11011
11110
00011
10100
11100
11111
01010
01000
11110
11111
01000
01100
11011
11110
01000
11001
11100
10100
01000
00011
01010
11100
00100
00000
01011
00100
00111
00010
10011
11010
01011
00101
01010
10100
11111
11111
01001
00000
11110
11111
01101
11011
11110
10100
11110
00010
01010
01010
00100
11111
00010
11001
00100
01011
01011
01000
10011
10100
01010
11011
01000
01000
01011
01011
01000
11111
11110
00100
01011
01000
01100
01010
10000
11111
01011
11000
10100
11011
00100
11011
11111
10100
