010111101
011100100
001000010
101000110
101001110
111100011
111110100
001010010
010001110
110001000
001010011
010001001
101001100
010000000
110111100
111101011
000110100
101000010
111000110
111110110
010101010
010000000
111101011
111110000
010000000
011000000
110111000
111101001
010000000
110011000
111001100
101001011
010000000
000111100
010101100
111001100
001000000
000000010
010111000
001000010
001111100
000100100
100111010
110101110
010111110
001011010
010101110
101001100
111110100
111111100
