11111110
11010011
01010111
11111010
10100110
00011110
00100001
10100110
01000000
01010100
01011110
10100110
11111010
00100001
11111010
01011111
01010111
01010110
01011100
01011110
01011110
11110101
01010111
01001000
11111010
11011110
00010111
10100110
10110101
00111010
01010111
01000000
00100001
10001110
00100001
01110000
01110111
10100110
11110101
00010111
01000000
11001100
01011111
01000000
01000000
01000000
11111010
01011110
10100110
10100110
11011100
01111010
01011110
11011010
01010111
00100001
11111110
11111010
01101000
11011100
11101010
01011110
01000000
01000000
11110101
11111101
01100001
11111100
01110110
01100100
01010100
10100110
01011110
11110101
11111010
11011010
01100000
01011100
11111011
11010100
10110101
00000000
11111101
01010111
10000011
01000000
11111010
11110101
01011110
11100100
11111110
11110101
00100001
00100001
01011000
01111011
01000111
01000000
01000111
11111010
11100110
01000000
01011111
11110100
01010101
10011100
01010110
11111010
10001100
01010111
11011100
01001000
01010000
11111010
11110101
01000000
00100001
11110101
01011111
11011100
01011010
00100001
00100110
01110101
11011100
11111000
01010111
01011110
11011010
11010101
11011110
11011100
10100000
11011100
01100001
11011110
01101110
00100011
11100110
01000000
10100100
11011100
10110101
10100110
11111011
01010011
10000001
11011100
11111100
01001000
00011100
11100110
10111010
01100001
11111000
11111100
01011110
01011110
10100110
01011110
01100001
01001000
11110010
01100001
11110111
11101101
01111110
01000000
00000011
01010110
11100111
10100110
11011100
00100001
11011100
11111101
00010110
00101011
11110101
01011110
01010111
11110101
11110101
11111110
01001110
10100110
00100001
10000110
11110011
01010111
10001110
11001100
00100001
01010110
01011100
11111001
11010111
10110010
01001000
11110101
01000110
11011100
01010101
11111010
00100001
00100100
11110101
01000000
10100110
01011100
10100110
10101110
01110111
01111110
11011100
01000000
11010111
00010111
11011110
01011110
11010100
00111110
11111010
11111010
11110101
11101010
11011100
00001110
01110101
01000001
00100001
11010111
11111110
11111011
01011110
01000111
10100110
00110000
11101010
11110101
10101011
11110101
01000000
11110101
01010111
10001100
11111010
10000110
11100101
01000010
00100000
11111010
11111010
11011110
01111110
01000111
00011110
11110101
11110101
01001010
11000000
10000110
01111101
01111010
10001111
00100001
01000101
01001000
01011110
01011110
11111100
11111010
11010111
01011110
10100110
01110111
01011101
11110101
11011101
11011010
01011110
01011110
01011100
11010101
11011100
11100110
10100110
01010111
11100101
10110010
11111010
01011110
01000000
11110011
00000000
01000000
10100111
11010101
01010000
00011010
10100110
11011110
11111110
01010111
01010111
11011000
11011110
01010110
00100011
01001110
01001110
10010010
01000000
00100001
11111010
10100111
00000110
11011010
01000000
01011110
10100101
11011100
11111010
01001110
00011110
01000000
01010111
01000011
01011110
01011111
11111010
11111010
01100000
01011100
11110101
11011000
11110101
01011110
00010000
01010111
01000000
10110001
10100110
00100011
11100101
11010100
01011110
01100000
01110101
11010100
01111010
11110110
10110101
01011100
11011101
10100110
01000000
11001010
11110101
01110001
10100110
00100001
00100001
01010000
11111010
00100011
01010111
11000100
11110101
11111010
10111010
00100000
01100000
11110101
01010111
00000000
11111010
11110101
11011100
01000000
11011100
00100111
01001110
00010100
01000010
11110101
11011100
11010011
10100110
01000100
00100001
01010000
11110101
10010111
00100001
01010110
01100010
01000000
00100011
01111100
11110101
01000111
01011111
11100100
10100110
10110101
11011010
11101010
00100001
10100110
00100001
01000000
00100001
01000000
11110101
01000000
00010000
01010000
11011100
10100001
10100100
11000110
01010111
11011110
01111110
01010111
01010010
11111100
11011110
10100110
10010100
10100111
00010100
00100001
10111110
11001110
11110101
10101110
11011100
10100110
01011110
01101000
11111010
11111010
11110101
10100110
01000010
00100001
11111000
00100001
01011100
11101000
01000001
11100100
01001000
11011110
11011010
01010110
01010111
01011100
10100110
11110111
10100100
01011110
01011110
01000000
11001100
01111110
11110101
10010111
11111010
01100000
10010110
01000000
11011110
00010111
01000000
01010111
11110100
10101010
01010111
11111000
11110010
00010111
01001010
11010111
11110101
11011100
11110101
00100111
00000001
01100000
00100001
11000111
11111001
01011110
10100110
01011110
01000000
00100101
11011011
11110111
01011100
00110000
11110001
01010010
11011100
11000000
01010111
10001100
01011101
00100111
01000100
10100110
11011110
00100001
01000000
00000001
11111100
00100011
01011110
00100001
10000001
10110110
10011100
11010100
01000010
11111000
11011100
01000000
01100100
00001010
11110001
11110101
10011100
01011100
11100101
01011011
00100000
11001010
01011110
11111110
10010100
00100101
11011110
11111010
00100110
01010111
01111010
11011000
11011000
10110100
11110101
11011100
00010010
11111010
11110001
11010000
11011110
11110001
00100000
10110110
00110001
01010000
11101100
10100100
01010111
01000000
01110111
00100011
01011110
11110101
01011110
10011000
11111010
01011100
01010110
01011110
01011110
11111010
00000010
01000000
11011110
00000000
01100000
11010111
00100001
01010111
01010110
10001110
10110010
11011100
00100001
01001100
11011100
11110101
01010111
00100001
00110001
11011111
00101001
01000010
01000000
01011110
10111010
00110001
01110101
11111010
01111110
01111010
11011100
10100110
01100000
11110100
00110001
01000001
11111101
01010011
00100001
01000000
11111010
01000000
10100001
11011100
00010110
01010110
11011100
01010101
01011011
10100110
11100101
01010111
01000000
00010111
01010101
11001100
11111000
10000100
00111000
10101111
00100001
00101001
00110001
11111010
10101111
00000001
11111010
01011110
01000000
11010011
10010001
10110101
01100000
01000100
00000000
11000110
01111010
01011111
10101110
01111111
11111001
11011100
11111010
01000111
10110010
11110111
11011100
01011110
11011100
10100110
01010111
11011100
00100001
00100001
01000000
01000000
11110101
01000111
11111011
00100000
00100001
01011110
10110010
10110110
00100100
10100001
01000000
01001011
01001110
01010100
11110101
11100101
01000000
11010101
01000111
00000101
00100001
11011100
11010011
10100001
00101001
11100101
10000111
10100110
11101010
01010111
01010111
00100001
01010111
11101010
10110100
01010011
01010101
11000000
11110101
01011110
00000000
11111010
11110101
10110101
00011110
01100001
01010111
00100001
01011110
10000110
10000110
01010110
01001110
11101010
00100011
10100001
10100110
01000000
00010001
10000100
10100010
01000000
00000000
10011100
00000111
01011110
11011100
11110100
10100110
10100111
00110001
10000110
01001000
11110000
01011110
10110101
11011100
01100000
11111010
10100000
01010101
11110101
11001100
00000001
01010000
11011100
11000111
01110111
11111010
01010111
11010111
01011010
01010100
01000010
00100001
00100111
01000000
01010111
11111010
01000000
01100000
01000000
01011110
00010111
01010101
01010000
10100001
00000001
01111110
00100001
11110101
01011111
11011100
11110010
01010111
11100110
10100100
11101010
11100101
01000000
11000000
01011110
00010111
01000111
01000010
10100110
01011100
01000000
11011110
01000000
11011100
11011010
01000000
11010111
11010101
11010000
11111010
11111010
01100001
01010111
00100101
01010111
10111110
11110010
00111000
10011100
01000000
11110101
11111000
00100001
00100001
11110010
01100000
01011100
11111100
11110111
01001001
01010010
11111010
11111010
01100000
01011110
11011110
00101001
01010111
00100001
01000000
00110001
01010111
11011100
11111010
01000000
01000000
10100100
11001100
11011101
10100011
11110101
01000000
01110101
00101011
11111100
11111101
10110101
11100110
10100110
11111010
11011101
10011100
01110101
11010111
00111110
01011110
00100001
01011110
11111000
10000110
11011100
00100001
00100000
01000010
11100100
01000100
00110110
11011100
10100110
01000000
10000110
01000111
01011110
10011101
11111011
01011110
01000000
11001100
11110101
11101110
01010000
11110110
00101101
00101110
11011100
11011010
10011100
11010111
01010110
11111010
01011110
11011101
11110101
10000111
00000000
11011101
11111010
01000101
11111101
00100001
11011100
11111000
11111010
00011110
11111010
11011100
11110101
10100110
01000110
11000000
11011100
01010101
10011110
11100110
11011101
01011101
11011000
11110101
11110101
00100001
01010111
01010010
01110001
01000000
01000000
11011100
01100000
01001110
00111010
01010111
11100110
10101110
11101010
11100010
11111110
00011110
11011000
01000000
01000111
00100001
11011100
00100000
10100110
01000000
11011100
01010111
00100001
11111010
01001000
01011110
01000000
01000001
01100110
00100000
00000001
10100110
01011100
11111010
11111010
00000001
10101000
01010010
00100001
11011100
01011110
01010101
01110101
01000000
11000101
01010111
11111010
10101010
11100110
11111010
00100001
11011110
01011110
01111010
10100110
10101110
11110101
01000000
10100111
11011000
01011100
00100111
11110111
00100001
10110010
10100110
10110110
11111010
11111010
01000100
11011010
11100010
01111110
11010111
00010001
01100000
01011110
11011100
01010110
11111010
11011000
11011100
11111010
10010100
10000110
00000001
00100001
11011111
10100111
11011100
01011111
01000000
00100011
11111010
11011100
00110101
01010110
01000000
01010111
10101110
01011110
11110010
00100001
00011100
11011110
11110011
11000000
01000111
10100110
00100001
10011100
01100001
00100001
11011100
11111010
00101001
11110101
00100001
11011100
11110010
10001110
11100110
11111010
10100110
10100110
11111010
01010110
11011100
11011010
11001100
11001000
01001110
11110101
10110001
01010111
01000000
11011100
00001001
10100001
01000001
11111000
11011100
01100001
10101001
01111010
00100001
01011110
10101110
10000110
11111010
01011110
10100001
01011110
11110101
11111000
01110110
01000000
01100001
11100110
01011110
11111000
11100101
00101001
10100001
11110101
11111010
00100101
00100001
01111110
10011011
01010000
11110110
01000100
11010111
11011100
00010111
00100000
10101010
00100011
01000000
11110101
01101110
01011110
11111010
01100000
01000001
01011111
01111010
11101010
11110001
01000000
01100000
11111010
01000001
01000000
01011110
11111010
01010111
10100100
01000100
00110111
01010111
01101000
11011100
01011110
11011111
11111010
00100001
11011000
01010011
01011110
00100001
10100110
11110101
01010111
11011000
11101010
01011111
01010110
00101001
11111010
01010111
11001100
01111010
11110100
01010111
11110101
11111000
11110100
01010111
01010111
01011111
11011110
11000000
01010000
01110101
01001000
11100110
11110101
01010111
11111010
10000110
01011110
00011110
01010111
11110101
11011100
11111010
00010111
11011110
10100001
11111010
11011100
10011000
11000000
11111010
00100001
01000001
01011110
01010111
10100110
10100110
11010100
00000001
11110101
01000000
00100001
11100110
01000100
01010101
01010111
01000101
11010101
01000000
11110101
10100100
11011101
11111000
11111000
10101001
11011000
01010000
01010111
01111111
01010111
01111010
01100001
01110111
01011110
01000001
11011010
01000101
01000000
01000111
10100010
00010111
11000101
01010111
01010111
11000110
11011101
00101101
11000000
00000011
11111110
01000010
01011110
01100000
01010111
11110101
11111110
01000000
00100101
01001000
01011101
00000000
01011100
10100110
01000000
01010101
01011111
01100000
10100110
00101001
10100101
11010110
11111111
10000000
11111010
01100000
11110101
11011100
01011100
00100001
01010111
00100001
01011110
11011100
10100100
10100100
11100001
11101010
11011100
11011100
01011110
01010111
10011100
01000000
00100001
01000000
11010001
11111010
11000100
11011100
00100001
01011010
10110101
01111000
01010111
11111010
01001000
11010011
01110101
11111010
00000000
11001100
11110101
11011101
00010111
01010111
01111010
01011110
01000100
00011111
10100110
11111010
10011010
01010110
01000000
11111010
11110101
00100001
11110000
11010111
01010111
10100010
01011010
01011100
10100100
11100111
01010111
00100110
11110101
01010111
01000010
11110100
01101110
11110100
11111101
01000000
11011100
01011110
01011110
01011100
10010100
11011100
01000000
01011110
01000001
00110001
00100001
11111010
01011010
01111101
01000001
01110101
00000000
10100110
01010100
01011110
00100101
11011100
00011110
00100001
11110101
11000000
01011110
11010100
01111110
01010111
00101001
01011110
11011110
00100101
00100001
11110101
10101010
01000000
01010110
11110101
01011011
11110010
10100110
00100111
01010010
01011110
01000000
11110110
11110101
11100001
11111010
01011100
00100001
11110101
11110000
01010111
01001110
11110101
01010111
00110011
01010100
11011100
11001010
01000000
01000000
01011111
01011110
00011111
00100001
11110001
01110000
00000000
11011101
10100110
11010101
11011100
00110001
01110101
01000111
01110111
01000000
11110101
11110010
10100110
10100110
11111010
11010001
01011110
01010111
10110110
11010100
11101110
11111010
11010100
11110101
01100000
11011100
00100001
11101010
00100011
01000000
10100110
01111110
10110110
00110001
11011101
01011110
11011101
11111010
00110011
01000001
11110101
01010110
01010111
01011110
00100001
01010111
01000000
11101100
10101110
00100001
11110101
10110110
01010111
01111110
11111010
00011110
01001000
00100001
11111010
01010111
11110101
01011110
11100101
01011110
01011111
01110101
10100110
01110111
01010001
00100001
00100001
11000000
11110101
11110101
10100110
11111101
10100110
10101110
11111010
10110110
01000000
10110111
01010111
11011101
10100011
11111010
11011100
10111000
00110101
11111101
01000000
11100010
11110101
01000100
00100001
00100001
01000000
01000000
00111101
11111010
00100001
01010111
01000000
11100000
00100001
10010101
10100110
01010111
01010111
11101010
10110110
11110111
00000000
00100000
00100001
11110101
11001100
01010111
01111100
01010111
01000100
11000010
01011110
11011100
01011111
11110010
11111010
11110101
01011111
11111010
10011100
10110011
00100001
11110111
11010111
11011110
00100001
00110001
00100001
11011100
11110101
10110111
11010111
11110010
11111010
01011110
01111010
00100101
01100010
01011011
00100111
00101100
01000000
01110100
11010100
01010101
11101010
10111010
11000000
11011110
01010111
11111011
00100001
00000000
10111100
11110101
01011100
10101111
11110101
01100001
10100011
11111000
11110101
01011100
00110001
01100010
01011110
11110001
01001010
10100001
11011100
11111110
10011000
01011110
01100001
10100011
11110001
01000100
11111011
11110101
01000000
00100000
00010111
11110110
00000000
01000111
11010100
11111010
00100001
01111110
11010101
11011011
01011110
10011100
11110101
11111111
01111110
11011100
11010000
10100101
01111010
11101100
11001100
11100000
10110001
00100001
01011110
01011110
00011110
11010110
11011111
10100100
11011010
01010111
11011010
10011100
00100000
11011010
10100110
01111110
01010111
11111010
01010110
10100001
00100001
00110001
01000010
11110101
01010101
11110101
01111100
01111011
01000110
01011100
01010011
11010111
01011010
11111010
00011110
00000000
10011010
11011100
00100110
10100110
11110101
11011010
11111010
01011111
01011110
00101001
01000100
11110101
10111010
11011100
01000000
01010111
00100001
01111110
01000000
01011110
10100110
11111000
11110101
10111010
00010111
11011101
10000100
01011100
11111000
01011100
11101010
11100101
01011110
10100110
11010111
01010111
01011110
11011100
11010100
11011100
01011110
01001000
01011110
11111100
10100110
11010101
01010110
11100100
11111000
11110101
01011100
01000100
10100110
10100110
01000000
00000100
11110111
11101011
01011111
00100001
10100001
01100000
11000101
01010101
01011010
10111100
11011100
01000100
01011110
11011101
10101110
00111111
01010111
11010101
00100000
11111010
11011100
01010111
00100001
11110001
00100001
10100110
11100100
00100001
11110100
00000001
11111011
10000110
10100110
11110101
11111101
01000000
00100001
11110101
01010000
01111110
11100101
11101010
10100100
11111110
11111010
01000100
11110101
10100101
01000000
01011110
01011000
11110101
11110101
01001001
01011100
00010111
00010111
01010111
00100110
11110101
11111101
01010111
00100001
01000100
11010100
01010111
10111010
01011010
01011100
01001101
11110101
01010111
00100001
11010100
11001000
01010111
11110101
00011111
11111100
10100001
00100001
01010111
11010010
11110111
10100110
11110101
10110010
01010100
00000101
10100110
01111100
01110100
00100001
10100111
11111001
11010000
00100001
01111100
11100100
11110101
01010111
01110110
11000000
01010000
00100001
11110011
01010110
01110101
10100110
00000001
11111100
01000000
11011100
11110101
00100110
11010000
01011110
01010111
01011101
10101110
11011100
11111010
01010111
10101110
10011100
01000000
01011110
00100011
10100001
00111110
01010110
10101110
00100001
00100000
11011100
11110101
01011110
10100010
01010011
11001101
00100001
01010011
01010111
01010011
11110111
11111000
10100110
00100001
01010111
11110101
10100110
11111010
01010111
10111010
01000000
11110101
11111010
10111000
10100110
11111010
01001000
11110101
00100001
01011110
11010111
11011101
01011110
11100010
10101110
01111100
01010111
10110100
11111110
11011100
00100001
01000000
11111010
01010110
11111010
01000010
01000011
11111011
11001111
11110101
11111010
00100001
01000000
00110001
01010111
01000000
01010000
01010111
01000000
01010111
11011111
11010111
00100001
01010110
01011110
11111010
01110111
10011100
01000011
00100000
01110001
01011110
11110101
11011010
01110111
00011010
11110101
01000100
01110001
10100001
10100101
10100111
11110101
01000100
11111011
01011111
11110101
11011010
11001110
01000000
11110101
00100001
01010111
00100011
01010110
11110101
11110101
11110001
01000000
10011100
11000000
11111010
01100011
10100110
01011100
11110010
11110101
11111010
11111010
00100001
11011100
01100111
11111010
01011110
00100001
10100110
00100001
01010110
11111101
11111101
11011000
01110110
00000000
01010111
01010110
10100110
10100010
11010111
11010111
10101001
11000000
00100110
00100001
01010111
11000000
00011110
11001100
11011100
11110010
10100110
10000010
01011101
11101000
11110101
10100010
11100010
01110001
11100110
11100101
11110110
10100110
11111010
