010100001
111101010
010111101
111101011
111100100
001000011
101110110
010101110
110111000
101001000
011010010
111101011
001000010
101001100
010101110
000111001
110111000
101001100
111101011
101001100
010101110
111111010
001001010
001000010
110111000
010111100
010111000
111101011
010101110
111101011
101110100
010101110
001000010
010011100
111110101
010111100
010000000
010101110
111101011
010000000
110111011
001011100
111110100
101000010
001000000
111110100
010111000
110111000
100111000
001000010
001000110
001111100
010000000
001000010
001000000
111110100
001000010
100001100
001001011
010000100
110111000
111110100
011101011
000000000
111111110
001000000
010111100
101000100
111101011
111011100
101001110
010111100
111100100
111101011
111101011
110111000
001000010
010101110
011110100
100001100
111100100
010010000
110010101
010111100
110111010
010000000
011101110
001000011
010000100
111110100
010101110
111101011
100111001
000111100
110111111
001000010
111100011
000000010
110100000
010000000
