0.0059886540
0.0006654960
0.0059871960
0.0006660540
0.0007464060
0.0000829440
0.0007390440
0.0000822060
0.0007529760
0.0000844740
0.0007405740
0.0000895760
0.0008054640
0.0000895860
0.0007456860
0.0000836640
0.0006807960
0.0000756540
0.0006669540
0.0000741960
0.0001566440
0.0000174060
0.0000903060
0.0000100440
0.0002149740
0.0000239760
0.0000968760
0.0000115740
0.0006880860
0.0000764640
0.0001493640
0.0000166860
0.0006881760
0.0000772740
0.0007333740
0.0000887760
0.0002222640
0.0000247860
0.0006808860
0.0000764640
0.0002813940
0.0000385560
0.0006946560
0.0001427940
0.0012786660
0.0001428840
0.0054645840
0.0006144660
0.0002149740
0.0000239760
0.0000968760
0.0000115740
0.0006880860
0.0000764640
0.0001493640
0.0000166860
0.0012130560
0.0001355940
0.0002084940
0.0000304560
0.0055293840
0.0006144660
0.0012057660
0.0001347840
0.0060463260
0.0006726240
0.0485031240
0.0053965260
0.0012712140
0.0001413360
0.0054630360
0.0006078140
0.0012655440
0.0001479060
0.0054696060
0.0006733440
0.0054704160
0.0006086340
0.0012647340
0.0001478160
0.0006807240
0.0000757260
0.0053902260
0.0005997240
0.0002142360
0.0000238140
0.0006151140
0.0000684360
0.0001560060
0.0000181440
0.0006094440
0.0000750060
0.0006815340
0.0000758160
0.0001487160
0.0000173340
0.0006823440
0.0000831060
0.0054048060
0.0006661440
0.0002216160
0.0000254340
0.0006815340
0.0000830160
0.0001705860
0.0000845640
0.0007406640
0.0006727860
0.0007479540
0.0000903960
0.0007464960
0.0001485540
0.0001560060
0.0000181440
0.0006094440
0.0000750060
0.0006815340
0.0000758160
0.0001487160
0.0000173340
0.0001574640
0.0000247860
0.0000976860
0.0000764640
0.0007464960
0.0000837540
0.0001566540
0.0000246960
0.0485178660
0.0053916840
0.0060477840
0.0006792660
0.0055366740
0.0006152760
0.0012713760
0.0001420740
0.0055958040
0.0006290460
0.0012851460
0.0002084040
0.0018691560
0.0002084940
0.0055301940
0.0006217560
0.0055293840
0.0006144660
0.0006873660
0.0000771840
0.0012785760
0.0001420740
0.0002149740
0.0000239760
0.0018035460
0.0002012040
0.0002741040
0.0000377460
0.0055949940
0.0006217560
0.0012130560
0.0001355940
0.0055958040
0.0006290460
0.0012851460
0.0002084040
0.0018691560
0.0002084940
0.0055301940
0.0006217560
0.0024013260
0.0003324240
0.0056541240
0.0012187260
0.0109102140
0.0012195360
0.0490500360
0.0055156140
0.0018683460
0.0002084040
0.0002813040
0.0000385460
0.0061781940
0.0006865560
0.0012778560
0.0001427940
0.0109029240
0.0012187260
0.0018100260
0.0002667240
0.0496980360
0.0055228140
0.0108373140
0.0012114360
0.0059967540
0.0006735960
0.0059952960
0.0007317540
0.0008121060
0.0000910440
0.0007471440
0.0000903060
0.0007610760
0.0001501740
0.0008062740
0.0006800760
0.0008135640
0.0000976860
0.0007537860
0.0001493640
0.0007464960
0.0000837540
0.0006750540
0.0000822960
0.0007471440
0.0000831060
0.0001560060
0.0000181440
0.0002230740
0.0000320760
0.0001049760
0.0000772740
0.0007537860
0.0000845640
0.0001574640
0.0000247860
0.0007610760
0.0001501740
0.0008062740
0.0006800760
0.0008135640
0.0000976860
0.0007537860
0.0001493640
0.0003542940
0.0006298560
0.0012859560
0.0054572940
0.0013515660
0.0002157840
0.0055374840
0.0012057660
0.0008062740
0.0000968760
0.0001697760
0.0000844740
0.0060025860
0.0006677640
0.0007406640
0.0000895860
0.0012859560
0.0002084940
0.0002813940
0.0006217560
0.0061206840
0.0006873660
0.0012786660
0.0002076840
0.0007392060
0.0000829440
0.0006742440
0.0000822060
0.0006815340
0.0000758160
0.0001487160
0.0000173340
0.0007406640
0.0000895860
0.0001624860
0.0000836640
0.0054120960
0.0006021540
0.0006750540
0.0000822960
0.0001558440
0.0000174060
0.0000831060
0.0000100440
0.0001559160
0.0000173340
0.0000254340
0.0000029160
0.0006808860
0.0000764640
0.0000845640
0.0000166860
0.0007398540
0.0000822960
0.0000903960
0.0000108540
0.0001574640
0.0000247860
0.0000976860
0.0000764640
0.0001632960
0.0000189540
0.0000918540
0.0000174960
0.0006954660
0.0001428840
0.0002157840
0.0006144660
0.0008062740
0.0000968760
0.0006881760
0.0001420740
0.0006808860
0.0000764640
0.0000845640
0.0000166860
0.0007398540
0.0000822960
0.0000903960
0.0000108540
0.0054645840
0.0006144660
0.0006225660
0.0001347840
0.0013361760
0.0001492740
0.0002149740
0.0000311760
0.0012712140
0.0001485360
0.0054630360
0.0006726140
0.0055214460
0.0006143040
0.0012056040
0.0001412460
0.0054704160
0.0006734340
0.0012647340
0.0007310160
0.0484464240
0.0053902260
0.0054631260
0.0006726240
0.0002142360
0.0000246140
0.0006151140
0.0000756360
0.0012056040
0.0001340460
0.0001997460
0.0000230040
0.0006815340
0.0000830160
0.0001487160
0.0000821340
0.0054631260
0.0006078240
0.0006159240
0.0000757260
0.0002216160
0.0000902340
0.0006815340
0.0006662160
0.0012072240
0.0001414260
0.0002143260
0.0000894240
0.0007479540
0.0006735960
0.0007464960
0.0053973540
0.0054777060
0.0006742440
0.0007471440
0.0006735060
0.0006815340
0.0000830160
0.0001487160
0.0000821340
0.0054631260
0.0006078240
0.0006159240
0.0000757260
0.0007464960
0.0001485540
0.0001566540
0.0006078960
0.0013303440
0.0001551060
0.0001632060
0.0000837440
0.0054718740
0.0006152760
0.0006881760
0.0001420740
0.0007537860
0.0000845640
0.0001574640
0.0000247860
0.0012859560
0.0002084940
0.0002813940
0.0006217560
0.0008718840
0.0001041660
0.0006954660
0.0001428840
0.0012713760
0.0001420740
0.0001501740
0.0000239760
0.0008054640
0.0000895860
0.0000976860
0.0000116640
0.0055301940
0.0006217560
0.0006298560
0.0001355940
0.0013434660
0.0001500840
0.0002157840
0.0000312660
0.0012859560
0.0002084940
0.0002813940
0.0006217560
0.0008718840
0.0001041660
0.0006954660
0.0001428840
0.0056614140
0.0012195360
0.0018108360
0.0055156140
0.0019412460
0.0002813040
0.0055958040
0.0012122460
0.0061133940
0.0006865560
0.0006946560
0.0001427940
0.0065922660
0.0007332840
0.0007989840
0.0000960660
0.0491148360
0.0055228140
0.0055885140
0.0012114360
0.0114350040
0.0012778460
0.0018683460
0.0002732040
0.0008121060
0.0001558440
0.0007471440
0.0006735060
0.0012728340
0.0001487160
0.0002216160
0.0000902340
0.0008135640
0.0006808860
0.0007537860
0.0053981640
0.0054849960
0.0006750540
0.0007479540
0.0006735960
0.0007471440
0.0000903060
0.0001560060
0.0000829440
0.0054704160
0.0006086340
0.0006167340
0.0000758160
0.0007537860
0.0001493640
0.0001574640
0.0006079860
0.0013311540
0.0001551960
0.0001632960
0.0000837540
0.0008135640
0.0006808860
0.0007537860
0.0053981640
0.0054849960
0.0006750540
0.0007479540
0.0006735960
0.0013515660
0.0054645840
0.0055374840
0.0484449660
0.0014623740
0.0007529760
0.0013442760
0.0054637740
0.0060025860
0.0007325640
0.0007406640
0.0006727860
0.0485703540
0.0054039960
0.0054120960
0.0006669540
0.0061206840
0.0012705660
0.0012786660
0.0054564840
0.0066578760
0.0008053740
0.0008710740
0.0006872760
