01000000
00100101
11001100
01010111
11010111
01000110
01010111
11110101
10100110
00100110
01011110
00100001
00100001
10100110
00100100
01000010
00100001
00100100
01100001
01000000
01010111
01011111
01000000
00101110
00111010
11111010
01011010
01100111
11011100
11011110
11010111
11110101
10100001
01000000
10101010
01100100
11110001
01001100
11010011
00000001
01011110
01011000
00100001
11101100
11110001
01001110
11011010
11110111
10100110
01011101
11010100
01011110
10100110
11000111
01010111
11001000
10000110
10100110
01010110
11011100
00111110
01111000
10100001
00000001
11100100
10100110
00100001
11110101
11011010
11111000
11010100
10000101
11011110
01011100
01011111
01011100
01010111
11111010
10000110
10000110
01011110
01010111
01000111
11111010
11011100
01111000
10100110
11110011
01011110
01010110
01110111
01101110
11110001
11110101
11110101
11010111
10100000
01000000
11111010
11110101
10011110
11011100
11110101
01010111
10100110
11111010
01000100
01000000
11111010
11110101
00100000
10100110
10111010
11011100
10101110
10100110
10100111
10101110
00100001
01000000
01010110
11111010
01110101
10101110
11111010
00100001
01000000
01010110
11111010
11011100
00101001
00100001
01000000
11111001
01011110
11110101
11110101
11111010
10100100
01010101
10010101
11110101
11111010
01011110
01111010
11100100
01011110
01001000
01010110
01110111
01001000
11011100
11001100
11111010
11011100
01100101
01000000
01001000
11110101
10110110
00100011
01111111
11011100
11100110
11110100
11111000
01111010
11001100
00100001
11000111
10010101
01000010
01010000
11011001
01000101
01010111
01011110
11011100
01000000
00100001
01000000
11011010
00100001
10100110
10000110
01011110
01011010
10100010
00100001
01010111
01011110
00110001
10011101
01010111
00100001
00101001
01010111
11000111
11100101
01111010
00100000
10100111
11110111
00100001
01011010
00000110
10100110
00100010
11111010
01011110
10110001
01010111
01010111
00000001
11110101
01010100
01001110
01011100
01000000
01010111
01010110
11111011
11110101
01010110
11110100
00011110
10100110
11110101
01000011
01000000
11100001
11000000
11111011
01000000
00111010
00100001
01010111
00100000
10101110
00100001
01100101
10010110
00100001
11010110
11111101
01011110
10011000
01011110
11111100
11110101
11111010
01011110
01010111
00000101
00100001
11111010
10100110
01100001
01000000
11111010
00011110
10111110
10100110
11011100
11011100
11010000
10100110
01011111
11100101
00101001
01010110
11011110
11110101
11000111
00100001
11110001
11111010
01101111
01011110
01011010
10100111
01000000
00101101
11111101
10000001
10010101
01010111
00100000
00100001
00100001
11011000
11011110
11111010
11111100
01000000
00000100
11010100
01010111
11111010
01111010
01100000
01011110
01010111
10100110
01000000
11111100
11100110
11110101
11111010
11010100
11110111
11011100
01110111
00001110
10010110
10100010
11011100
11110101
10110101
00100001
00100001
11110101
11110101
01011110
00100001
00100011
00100101
11111000
01011110
01110011
11101010
01001100
10100001
10100110
01011110
00100110
01011110
00100100
01010111
01011110
01000000
11111110
11010101
11111010
11111010
01010110
00110101
11111110
10000111
11010011
11110101
01010111
10100110
01010111
01000010
00011100
01001000
01001110
11011100
10010111
11011101
01010110
01000010
10100110
01010100
11011100
01011110
01010110
11011100
01000000
11011100
01011110
00100001
10110101
10100111
00100001
01101110
01110001
11011011
01000000
10100110
11111110
00000100
11011011
01011010
01111010
01010110
01101110
01111110
11111010
11110101
11111010
11111010
01011110
11011110
11110101
00100101
11011100
10100110
01000000
10110110
11010101
11000000
00000000
11111010
01011010
11100101
01000000
10100110
00100001
10100110
10111100
01011110
11011100
01110111
00100001
00011110
00100001
01010111
11111010
01010111
11101010
10111010
11011000
11000000
01000000
11110101
01011110
11111010
00000100
00100101
00101101
11011100
00100011
01011111
10010100
10010100
01010111
11110101
01100100
01000000
10100110
00100101
11001100
01000000
11110101
00100001
01010111
01000010
10100110
01011110
01100100
01100001
10101010
01010010
01010111
01010000
00110101
10110100
11111010
11110111
11111010
00100011
11011011
00100001
11101010
11110100
01110111
11111101
01110010
10100011
01010111
11101010
10100110
10000000
01011110
11011100
00100001
10110110
00100001
01000011
00011010
10011100
11111010
01000010
00100101
10011110
00001110
01011010
01100001
00100001
11110101
01011110
10100110
00100101
11111010
01000000
01110101
00100001
01000000
00110000
01011110
00100001
01110101
10100110
01000000
11011100
00100001
10100110
11100110
10101110
00000000
00100001
00100000
00101001
10011110
11111010
01011101
11011110
01010100
11111011
01011110
01000000
01000000
00100101
00100001
11111010
11011100
00110110
10100110
01110011
00100001
11111101
01001000
10100110
01011100
01111010
11111101
11011100
01001000
11011000
01110011
01001000
10100110
01000111
11100111
01010111
00100001
11110101
01000000
11011001
11110101
11011100
11111010
01010100
01011110
10110110
00100101
11111101
11000101
11010100
10100110
10000110
01000000
00100011
01010000
00010111
10110011
01000000
11111010
00100011
01010111
11110101
10110001
01011110
11011100
01011110
01000000
11111100
11110101
11011100
01010110
10000110
00100001
00011110
11111010
01011110
01000100
11011110
10011110
11000111
00100011
01100001
01011110
01010111
01000000
11110101
11011100
10100110
01010101
