111110100
111100011
011111100
101101100
001000010
100101110
110111000
010001110
001000010
000101110
010000000
010010000
111001100
011011000
101000100
010101110
010101110
101001100
110111000
010000000
010111110
101110100
111110100
010101000
010111100
101001100
001100011
101010100
111110110
010101010
011101111
001001010
100110100
111110110
101001000
010000100
010101110
101101011
111101011
011001010
011111000
111001100
001000110
111110100
011101000
010101110
110111100
010100000
001101110
010100000
110011100
001000011
011000110
010010000
101001000
001100010
110111010
111110100
010101110
010110110
101001100
110111000
001000010
110100001
111010100
110111110
011000000
111011100
101001000
010000000
010101100
101001100
101001100
111001011
110110100
010000100
010111100
110111011
011010100
010001010
111110100
011000010
010101110
100011000
010101110
010101000
110001110
111000011
010111100
010000000
011101110
010111100
010111110
010010001
110111001
010000001
000111100
110101111
110111000
010010000
010000000
101001100
111110100
010100000
101000100
010100110
110111000
011101011
010111100
110000010
101000010
010000001
010111100
111110100
111001011
100011100
110001100
001100011
010111100
111101011
010000000
111111000
111101010
110101010
010111100
001000010
010101110
110111000
010111101
111001011
010000100
111100000
111101011
110111000
010000010
010001000
001000010
001000010
110111000
011111011
110111000
010101100
010110000
111101011
111111100
001000011
110111100
101001100
000000000
101011100
010101100
010110100
111110101
110111000
001000010
110101000
000000011
111101011
101001100
101101011
000001010
001000010
100111100
010111100
111010100
010101100
010111100
001001100
100001000
111110100
010100110
110111101
010000000
111101011
100100000
001001110
110111100
111101011
001101011
001001010
010011110
100101100
111110100
111101011
010101110
000111100
101001100
101001100
010010100
101001101
111111000
001101010
010101110
111101010
010000000
001010010
010000000
110111001
001010010
001000010
101101011
110111001
110111000
010111110
111110011
010000000
011000000
010111010
101001000
010000000
001110010
111111001
010101110
011111110
111110011
010101110
010111001
101001100
001000010
000100110
101101100
010111100
001000010
010101100
110101100
110111000
100001100
010001000
111101000
010000010
110111000
010000000
111110100
110111010
100000010
010111110
101001100
110001100
101001100
110101110
001000010
010111100
110111000
011000000
111110101
101000011
010101110
111101011
010111101
101001000
101110100
111101011
010000010
111101011
101001100
010111001
010101110
111111000
111110100
101001000
010110000
111110110
000001010
001000000
011110100
101001100
000000001
010000000
001000010
010011100
010000000
001001101
001010010
010111100
001010010
110111010
010111100
001001010
110000000
110111100
010111000
000000001
110000000
110111000
111101011
110110100
101001100
010101111
010011000
001000010
111010101
101001100
010101100
001001101
010101100
110111000
010000100
001000010
010111100
010101110
110101110
101001100
011101100
111110110
111101001
001010010
010011100
010111100
001000010
110111000
110111001
010101110
111101111
101001100
010001000
101100011
110011100
110111000
111110110
111110000
010111100
010111110
000100110
010111100
010000000
001001100
111010100
000100000
001010010
110010100
101001100
010111110
111001100
010010000
010000010
100101000
001000110
110101011
111110100
111001110
111101011
001000010
010111101
111101110
111101001
101001100
110000000
010100110
010100110
001000010
111101110
010101100
111111100
000000010
111001010
100111100
000111110
110010000
110110000
110101110
110101110
110101000
110111001
010111100
111110100
011110100
010100110
111111100
010101100
011000000
110101110
111001001
010101110
000111001
101001100
101001100
110111000
010100100
111011000
110111010
111101011
110111000
110011101
101001100
111101011
010001100
110011000
110111110
110111010
001010010
010101110
111110100
110111010
010000000
011110100
111001101
111101011
100111000
001000011
010001000
