11111110
01001010
00000001
11110001
11111010
01101010
11011101
11110101
10100111
11110101
00010011
01010101
01010101
00100110
11111000
00010111
11001110
00100001
01011100
01011110
01000000
10011100
10100010
01010111
11011100
01000000
01000000
01011011
01011110
01000001
11111010
11110001
00100011
01011101
01000111
01100010
01010101
10000010
11111010
01011110
11000000
10100110
11011100
00100001
11011100
11111010
10100110
01010110
11001110
11011010
11000001
00111000
11111011
11111010
01011110
10100110
00011110
11111101
11101010
10110110
11011100
01000000
01010111
01001110
10100110
00100001
11110101
01110001
01100001
00100010
11010101
11101010
10110101
01001010
11011110
00110110
11110001
10100110
01010110
10010011
