10110110
01011110
00000000
10110010
11001100
11111010
11110001
00100001
01010111
00100000
00100001
01110100
01000001
00100001
10110101
11111010
11110001
00100001
01010111
00011110
01011110
11111010
01000000
11011100
01111110
10011100
11110010
01010111
01010111
11011100
00110001
00100011
01011110
01011110
01010111
01010000
11110101
01011110
01010111
11011110
11110101
11011000
11111010
00100110
01100001
11100111
11111011
01000000
11011100
01000010
01011110
11011100
11011100
00100001
01010000
11111010
10100110
10100110
01010000
01100010
01010100
00110001
01010110
10100110
10011100
10011100
01010111
01011111
11110101
11111010
11110101
01001000
10110110
11011100
01010111
01110111
11110101
11011000
11011100
00100001
00100001
11010101
10100110
01000000
00000000
01001000
10110010
01011100
11000000
01000000
10111110
00100100
11110101
01010000
00000000
11100101
01010111
01011110
00110101
01000000
01011110
01010111
10000110
01010011
01100000
00010111
10000101
10100110
11110101
11011010
00100001
01011100
11011100
11011100
00100001
00010111
01111110
01100001
00110001
01010011
01011010
11011110
01010001
11100110
11110100
01001110
11110101
00100001
01011110
00100001
01010111
01010110
11011100
11110010
01010111
01010111
11111010
01000000
01110110
10100110
11000011
01000000
01010111
00111010
11011100
11011100
11101101
01011111
00001000
11110101
00100011
01000100
00010111
01011110
11010111
11111010
10100101
00100001
11110101
00100001
01000001
01000100
11110101
01011110
11110100
10100110
01110111
11011110
01000010
01010101
11111000
10100110
01011110
10110101
11011100
11011010
10000110
10110100
01001000
01111010
11110101
11111000
00010000
01010000
01010010
01010111
01010111
01010110
01110110
01001001
11011100
00010111
11111010
01000000
11110101
11010100
11110101
01011111
01010111
10101001
01000000
01011110
10100011
00100110
11100101
01101010
10100001
11010100
11110101
00110001
01000000
00100110
11111010
01011111
11011100
01000000
11111010
00100111
11010001
00010111
11110101
01011110
10110101
10100110
01000000
01100101
00000000
11011110
01100110
01010101
01011110
01011110
01000000
01011100
11010010
10100110
11111110
11011100
11110001
00111001
10011100
01001100
01001000
01010111
10100110
01011110
01011110
01011100
11111101
01011110
11111010
11111110
10110001
11111100
11111111
11101010
11011010
01000100
01000000
00100001
01000011
10100000
01100000
11011100
01010111
10110000
01011100
01000100
11011101
01010111
10011100
01001110
10111110
01000000
00100001
10110101
01111110
11000000
00100001
11011101
00100000
11111010
11111010
11100101
01010111
10111010
11111110
11011100
11000110
00010111
00011110
10110101
01110100
01111100
01000000
01010111
11110101
01011100
11111011
01000000
10100001
10110111
11010101
11100110
11011100
11101010
00100001
00100001
00101010
01000000
11011100
10100010
11011000
10100110
10100110
01000000
11110101
11011101
11011100
11111010
01011110
01011110
01110101
01011010
10001100
10110101
10100110
01000000
11011100
00100001
01000001
01011110
11110001
01001111
11110001
10100110
11010111
01010111
11111011
11000000
00100001
11100110
01110101
11110010
11010111
11111010
11111000
11001100
11011100
00100001
11100001
11011100
11111010
11011100
10101110
11011110
10100110
01111010
11111100
01111110
00100001
00100000
01011101
01100111
10100110
00100001
10100110
11111010
11011100
11011000
10010110
11110101
00100001
11011101
11011010
01011110
01111100
01000000
00000000
01010111
01010111
10011100
01011000
11110101
00110101
11110000
10100100
01000100
11110101
10100110
00100001
11110101
01010101
10100110
11010100
11011100
11011011
11110010
11011100
01000000
10100110
01111110
00101011
01011111
11011101
01100001
01011110
01110111
10100110
11011100
11110101
01010110
01010011
01010111
11110101
11110110
01010111
11110010
10100100
11111010
10100110
11110111
10100110
01011010
11110101
01010111
11011110
10100001
01010111
01110111
11110111
01010111
00100001
11110111
00100101
01000111
01110111
11011110
11111100
01000000
01000111
11111110
10100110
11110101
01011100
01010110
11110101
01000001
01010011
01011101
01010111
01000000
01010110
01000000
10100001
11010111
10010110
00100001
10100110
11011010
01000000
01111010
11111010
11110001
01100111
01010001
01000000
00100000
01001000
01111010
01111111
01000000
01100101
01100000
11100110
11111010
11111010
01111010
11110101
10101111
00100001
00100001
10100111
11010100
11000000
01111010
10100110
11001000
11011000
00110101
01110111
01010111
01111010
01011110
00100001
11011110
10011100
11110101
00100000
00100001
00100111
11110101
10000110
11011100
00100001
11011100
00100001
11111000
10001110
11111010
10110110
10100110
01000000
10110110
11011100
10101000
11010101
11110101
11010111
10111010
10100000
01100110
11011010
11110001
11011100
00100001
01010000
10101110
10100110
11111010
11111100
11110101
10100111
11011100
11110101
00110111
01010111
00010101
10110100
11111010
00000000
00101000
01000000
11011110
01011110
01000000
01011110
01010000
01001110
10100110
11001100
01001110
10100101
00010111
11111011
00100001
10100110
11111110
01010111
01010110
11011100
01110101
01010011
10100110
11110001
11001100
01001000
11001100
11111010
01000000
11000000
01111111
11001000
00110001
01000111
01011010
11110100
01011110
01010111
11011100
00110001
01010111
10100110
01011000
10100110
10100110
00110001
00101011
11011110
01011110
00111110
00100001
01011110
11110100
01000001
11111110
00001110
10100110
11010111
10100001
01010001
01010111
10100110
11110101
01011110
01010111
01011110
11111111
01010011
01000000
11110101
00100111
11110100
10110101
11111010
01010111
11110101
00100001
11011110
01010111
01110000
11100011
10110110
01101010
01010111
11011100
01110101
01001100
01011110
11100010
00100001
01010111
11011100
10101100
01100000
01000000
00100000
01011110
11010101
01010011
11110111
10101110
01100110
11011100
01010111
11110101
01011100
00000000
11111100
01111110
11110111
00100011
01000000
01111010
11110101
00100001
10100010
11011100
01011110
01100001
11111010
10100010
11010101
11001110
11110101
01010111
10100100
01000010
01010111
11101101
11111010
01010111
11011100
10100010
11010110
01011100
01011010
01000001
10000001
00100001
11110101
01001100
10110110
10000110
01011010
11111010
11110101
11011100
00100101
01110001
11000000
00100001
11010111
11101010
11111010
10000010
00010111
01000001
11100110
00111010
