0010000
0101001
0111111
1101010
1110010
0101111
0010000
0101011
1111100
0100001
0110001
1111101
0001010
1010011
1111101
0100011
1010010
1111100
0010101
1001110
1101110
1100110
0111010
0100000
0111110
0101111
0111011
0101110
1111001
1101110
0101011
1010011
0101010
0110010
0101101
1100001
0101111
0110110
1101110
0101111
1111011
0100000
1101110
0101111
0101111
1011011
1001110
0101111
0000000
0010000
1101101
1001110
1101011
1111101
1101010
0010000
0101011
1010011
0100100
1111101
1111101
1111010
0111010
1111010
0010100
0101011
0111001
1101110
0111101
0011000
0101011
0101011
0101011
0100000
0101111
0110000
1101110
1110001
1001110
0111000
1101111
1111010
1101000
1110010
1111101
0001111
1111010
0101010
0111011
1110001
1101110
0011100
1100010
0010000
0101110
1110100
0101111
1010011
1101110
1110110
1101110
0000000
0101111
0111001
0010000
1010001
1010011
1111000
1111101
0010100
0100011
1100010
0010100
0100010
1010011
0100000
1101111
1111010
0001101
1010000
1110001
1111101
0101010
0100000
1111010
1111100
0100000
0110000
1101110
1111010
0100000
1100110
1110011
1010010
0100000
0001111
0101011
1110011
0010000
0000000
0101110
0010000
0011111
0001001
1001110
1101011
0101111
0010110
0101011
1010011
1111101
1111111
0100101
0000000
1111000
1111101
0110101
1101110
1111010
1010011
1111010
0001001
0101010
0101010
0010011
1111100
0001011
1100111
0010000
0101110
0101111
0100000
1001110
1010001
0101011
1101110
0100000
0100000
0101101
0101111
0100000
1111101
1111000
0010001
0101110
0100011
0110001
0101010
1000001
1111101
0101111
1100000
1010011
1101110
0010000
1101110
1111101
1010011
0101011
1100111
1101101
1100000
0011100
1111101
1111101
0101111
1010011
0001111
1111110
1110101
1011011
1101110
0100000
0101011
0100111
1010011
0010000
1111010
0111000
0110000
0010001
1101010
1110101
1011010
0100101
1101111
0011011
1111000
1010011
0101011
1001001
1011010
0101000
1111010
0101111
1111010
1111001
0010000
1011101
0101011
1101110
1010010
0110100
1111010
0010000
1010011
0101011
0001110
1101110
1010011
1111010
1010011
0101011
1111110
0010010
0010000
1101110
0101111
0101110
1111010
0101011
1111010
1011101
0101011
0010000
0100111
1111101
0101111
0100000
0101011
1111010
0100000
1101110
0010111
1111101
1010000
0010000
1111101
0101110
1101110
1001110
0010000
0010001
0011111
0100000
0010000
0010000
1111101
0010000
1000011
0010010
0100001
1101110
1111101
0111010
0000000
1111111
0010000
0101111
1010001
1111010
1110111
1010011
0101111
1111001
1111010
1111010
1101110
0010000
0101011
0111101
1000011
1111001
0100100
1100101
0101111
1101110
0100000
0111011
0010000
0100001
1111101
0101011
1111010
1001110
0001111
1101111
0010000
1111000
0000000
1101000
0100000
0101011
1111101
0111101
1100001
1101110
0010001
1111001
1111100
0100000
1010010
0101011
1101110
0001011
1000111
1101111
1101110
0010001
1111001
0100100
1110011
0111111
0100000
1101110
1110011
1101011
1111101
0101000
0100100
0011100
1010001
0101111
0101110
0110111
0101010
0000000
0111010
0101010
0110000
1111101
0100000
1011011
1011101
0101011
0111010
1111101
0101011
1101101
1111010
0101110
1111110
1011010
1000000
1101101
0101111
1101101
0101010
1111101
1010001
0100101
0110000
1111010
1110011
0111101
0101101
0101111
1111110
0010010
1111010
1111010
0100010
0101101
1010011
1110010
1111101
1111111
0101011
0100000
0111101
1010011
1100000
0010001
1011101
1111101
1111100
1111101
1111101
1111101
0010000
1111100
0101010
0101011
0110101
1111101
1010011
0101101
0101111
1111011
1110111
0011000
0100111
0101111
0100001
1010011
0100010
1010011
1111101
1111010
0010000
0100000
0101111
1011101
0101111
0100111
0101011
0100000
1111010
1101011
0101111
1101011
1001110
1001111
0101110
0111101
1111110
1101111
1111000
0010011
1000011
0101110
0010000
0101111
0010000
0100011
1110010
1101010
1101011
0010000
0100000
0001000
0010000
0010000
1111101
1111010
0100000
0101000
1111101
1010011
0101110
0111010
0101010
1010011
1101110
1001011
1110110
0010010
1010011
1111110
0011111
0111111
1011010
0101011
1111101
0111101
0111011
1111011
0000010
1111010
0010100
0101111
0111101
0111011
0001111
0101011
0101110
1111101
1111101
1010011
1111101
1111010
0101111
0010010
1010011
0101011
0000000
1111110
1111101
1010001
1010111
1100110
1111101
0111010
1010011
0100011
0100101
1001110
0100011
0001011
0101110
1101110
0101010
1111010
1101100
1100000
1111010
0010000
0100000
1111100
1111011
0010000
1101110
0000010
0010111
0010001
0101011
0101111
1111100
0101111
0010011
0101010
0000000
0001011
0101111
1000111
0100111
0101111
0010000
1100010
0101111
0100000
0111111
0100000
0101011
0010011
1101111
0101011
1111101
0101111
0100000
1101100
1101110
1111010
0010100
1101111
1111010
0101011
0110010
1010111
0100111
1111010
1101011
1111010
0110000
1001110
0100000
0101011
1101110
1111101
0100000
0010000
0010000
0101111
1101111
0100010
0111011
1001011
1111001
0100000
0000001
1000011
0101101
0101011
1101110
1101010
0010000
1010010
1110010
1111100
0000000
1110011
0010000
1101010
1010011
1111101
1011011
0010000
1100110
0101000
1111001
0001011
0101011
1101001
0100000
1011101
1101011
1101110
1111010
0101111
0011001
0101000
0101111
0010000
1101101
0010000
0010000
1111101
1110011
0101000
0101011
1111000
1010111
0101001
0110000
1111010
0000000
1111111
1010011
0100000
1110010
0010000
0101111
1010011
0100111
1111010
1101011
0100000
0100000
0010000
1010011
0100000
1010010
1110101
1111010
0010010
0101011
0101111
0101111
0101111
0110111
1101110
0101011
0101011
0101111
0100000
1011010
0101111
1111100
1110110
0100011
0100101
1101111
1010011
0000000
1011010
0101111
1101111
1101110
1111101
1101011
1111100
0101011
0101011
0010000
1111010
0100000
1010011
1000011
1110101
0101111
