01000000
01010111
11111010
01111010
11000010
11011100
00100011
11110011
11111000
01000000
10100100
01010110
11011100
00010111
10001111
11011111
11011100
00100011
11110010
01001000
11100110
01111110
01000000
11011100
11100110
11010111
11111010
01010000
01001000
00111001
10100010
01011110
01011100
01101111
01010101
00000000
01110101
01010101
01100001
11111010
01000000
10110111
10111010
01010110
01110101
11111010
01010111
11011010
11110100
01011100
11111101
10110101
10000001
11011010
01011110
11011010
01010101
11111010
10100011
01001010
01100000
11110101
11100110
01111010
01011010
01011110
11111100
00100100
11110101
11110101
01000100
01011010
10100110
11100101
11111010
11111110
01010110
01000000
01111010
10100110
11000001
00100011
10111011
11111010
11111000
11111010
11111010
11111010
00100000
11111001
01010100
01010111
01101010
11111010
10100111
01011010
01011110
11110111
11101110
00110001
01001110
01011110
01000010
10100110
01000100
10100110
11111010
11110101
00100001
01000001
01011110
10111011
01011110
01001111
01010111
01000001
11110101
11010111
01011110
11010111
10011100
10011110
01011100
01111010
11111101
11011110
11110001
00100110
10000110
01011100
00100001
01011110
00100001
01000111
11100101
11010101
11010111
00100001
01000000
00010000
00100001
00100001
11111010
11110101
01000001
01010000
11111010
10100110
01011101
01110101
01010101
10100110
11011100
10010110
11101100
00100101
10100110
11111101
00111110
01111110
10110101
01010111
11111010
01111010
01110111
11110111
00000101
11110101
00101001
01011110
01111010
01110111
00011110
01010111
01011100
11111010
11111010
10100110
11111010
11110101
01011110
00100101
10100111
01010111
00000001
11111100
11111010
10100010
10101110
11001100
11111010
01110101
10100110
01000110
01001010
10011100
01000111
00010111
01011101
11011100
