11111010
01010111
01000000
11011010
01011110
11110101
00000001
01000000
00110011
00100001
00010111
00000000
00100001
00010111
01011110
10000101
01010111
01111111
00100001
11111100
01010011
11011100
01010111
11111100
01000010
00010111
01010111
00100001
11111111
11111101
01001111
00100001
11101010
11111010
11111010
11110101
10000111
01000000
01100001
01000000
11011100
11000000
01101000
11011110
11010000
01000000
01011110
11010111
01110101
11100110
11111010
11111100
10000100
01011110
10100110
11001100
11111100
10111010
11011111
11111011
10110101
11110010
01100001
01110011
01011110
01000000
01001001
11111010
01010111
01001001
11011100
10101110
01011110
01010111
01000000
00100001
00100001
01010110
10001100
01111101
11010111
11110101
10100001
01010111
11111010
01000000
10110110
01000000
10100110
11111100
00101001
11110101
01000000
11011100
01011110
10000110
01011110
11111010
10000110
10100110
10100010
01100000
01000111
01010111
11110001
01111100
01110011
11010100
11111010
01001000
11110101
11110011
01001010
01000000
11111010
01010101
00100001
00110001
01010111
00011110
01011110
10100110
11011110
11110101
11110101
11111010
01011110
11011110
10110101
00011110
01000000
01000001
01000100
01000011
01010111
01000000
01001101
01000111
10111010
01010111
00100110
11111000
01011110
11111100
11001100
01000001
00101001
11110101
01010111
00100001
11001100
00001000
00100001
11011100
01010110
11011100
10100110
00100001
11111010
01010111
11011010
10111010
01011110
11110101
00100001
01010111
11111010
01000000
01011111
11110101
01010000
01010111
01000101
11011100
10011100
01011111
11110101
11001100
00101001
11111010
11001100
11110001
10100110
11111011
01011101
01100010
10100010
01010111
10011100
11111010
11011100
01000000
11011110
00100001
01000000
01011110
10110110
01000000
10100110
10100110
11111010
01010111
11111010
01010110
11110101
11001000
10111000
01011110
00100011
01100101
01110001
10100110
00100001
01111010
11110101
11110101
01100001
10011100
11110101
11111110
01001110
10100110
10100110
10100110
01010011
11011100
10100110
10100101
00100110
11011110
01011110
10111010
01011111
00000011
11110101
10100100
00101011
01100110
01000000
11110111
01110101
01000000
11110010
11001000
01001100
10101110
01000000
11011101
01011111
11100110
00100001
01010111
01110001
11110101
00100001
11111110
00010111
01000000
10011100
10100100
01111110
00110001
11010111
11011100
11001111
11111000
01011110
01011110
01010101
11100110
00100101
11111010
11111010
10100000
01100000
01100000
11101100
11111010
01000000
11100101
11110010
01011110
01011110
00000011
01010100
10100011
10100110
11011011
11100101
01011100
01010110
01000001
01100000
01000000
10111101
00100001
11001100
00100001
11100110
11110100
10100111
11111010
01011010
01100000
01000010
10100110
01011111
11111100
10100110
00000001
01000000
11010101
11110101
10100110
11111010
11110101
11011100
11010100
01011100
00010111
10100110
11010101
11110101
10100110
01100000
00100001
01100000
11111011
10100110
11011100
11111010
01001001
01010011
11011100
00010111
01010111
11100101
11101100
01000000
00000000
11111010
10000110
10000100
11001100
11011101
01011010
10100010
11011110
01011110
10100110
01010111
11111010
00100000
11011100
10010110
10111010
01000100
11111010
01110111
11011010
00100001
01010111
11110111
00000101
01011100
01000000
01010111
10110010
11110101
10100010
11110111
11011000
11111010
01000000
11110101
11011100
11111010
00011110
00100001
00000001
00000000
01001100
10100110
01011110
00101100
11011100
00110010
11111101
01010111
00100000
01000000
00010111
01000111
11001100
01011100
00000001
01010111
01010111
01010100
11011100
00110001
10100101
00010111
01110001
11011101
01010111
00100001
10100110
11111100
11011100
01110101
10100110
01011001
01011110
11110000
11110101
10100010
11011100
11110010
10100111
11111010
10100110
10100010
11011100
10101110
11110101
11011110
10100010
11011000
11110101
01011110
01010111
11110011
00100001
10011100
00100000
11011001
11111010
11111010
01011110
11110101
11000000
01000101
00100001
10100110
01011000
11110101
11111010
10100110
10101010
00101001
01010111
11100110
01111110
01010111
10100001
10000100
01110011
01110100
10100110
11111010
11110101
10100010
00100000
11110101
10111001
00100110
11110101
10011100
01000111
11100101
01010100
11110010
10101110
01010111
01010111
01010100
01000000
01001010
01011010
01010101
01011110
01010111
11110001
10100010
01000000
10100110
01010000
11011100
01100010
11111010
00100001
01000000
11011100
01000111
00100001
10100101
11111000
01101110
10000110
00000000
11100000
11111110
00011110
01000000
01000000
11110001
11111100
11111010
01000010
01010111
11010101
01001110
11111000
01011110
01001100
01000000
11111010
00110001
11111100
00100001
11101000
01010111
11111010
11111010
11111010
01010100
00100001
11111100
10100110
01000011
01110111
11111000
00100001
10100110
00001000
01011110
11001100
01011110
11011100
01011111
10100110
01011110
01111010
01011110
01001100
00110011
11010101
01000000
00010111
11111010
01000000
00100001
10100110
01011110
11011100
10100110
10100110
11001100
01000000
11011100
01011110
11011100
10100001
00100001
01000111
01011110
00000000
10100010
00100001
10011100
11111100
11111000
10111010
00100001
01011110
01010111
01000000
11110101
01011100
01010011
11011100
01000000
11010101
01010111
10100110
01011110
11110101
01000010
11110110
00100001
00100000
11111110
01011110
10100001
00101001
11111010
01111010
11011110
10111010
01000000
10110110
01001110
11000000
10011100
00100001
01010111
00110010
01010111
11100100
00000001
01000010
11110101
00101110
01010110
01011010
11001110
11111100
01111011
10100110
11111010
11011010
01010111
11100101
01010111
00110100
01010110
01011110
10000011
01010111
11011110
01011110
11111010
11111010
11101010
11111110
01001010
00101001
01011100
10100110
01000111
11011100
10100110
01000000
00110100
10100001
11110101
00100001
11011101
10100010
11111010
11011100
00100001
11111110
10100110
11111010
01011110
00100000
11111010
01010000
01010110
11111000
11111010
11011100
11110100
11000100
10100001
01000011
01010011
11110101
11011100
01011110
00111000
00111110
01010101
00100011
01010111
00100000
11111010
11111010
01011110
01011110
01010110
00100101
11100110
01000111
11111010
01110100
01011100
10010000
11011101
10100110
01000100
11111000
10100110
01000000
11011100
00010110
01011010
01011110
00000010
01010111
11110111
10100110
01001000
00100001
11011100
01011110
00110001
11111010
01000000
11110001
11000000
00011110
01010111
11100110
10101110
00100110
01000010
01110101
00100001
01010111
10110001
00011110
11011100
10100001
11101010
11011100
01110101
00010111
01000100
01000111
10110101
10100101
01000001
00100001
11011010
11110101
11110100
11011100
01000000
00100101
11011100
10100110
01001111
10000110
11111010
00100101
10100110
11111010
01010111
11111110
01001100
01010000
00100000
01010000
01111101
01110101
11111000
01010110
00100101
01110101
10010100
00010011
11010101
11111000
01011000
10100110
11110111
11011100
10100110
00100101
01000001
01011110
10101010
01000010
00100001
11111011
11100110
11000111
11011100
11110101
11110101
00111000
01001100
11111011
01011111
00110001
11010100
01110110
01010101
01011010
11011010
01010110
11110110
01000000
11100010
01001000
11111010
00001110
01000000
00010111
11101110
01010111
01011111
01001110
01010111
11111010
11011010
01011100
00010111
00100001
01011100
01010110
11000000
10100110
01000000
01111110
11011110
00100001
01011000
01010101
11101110
01110111
11011100
11011100
11110100
01010011
11011100
11011100
00001110
01110111
11001100
10101110
11110111
01001100
11001101
10110010
10000110
11011100
01010111
11001110
01110101
01011011
01000110
10100110
11110101
01000000
11110101
00100001
11111101
01110101
01011110
11110101
00100101
00100001
11110011
01000011
01011100
11110010
10110110
11011100
11111101
01000011
01110001
00001000
11110101
11110101
11011100
01000010
11010101
10000111
01110101
01100000
00000100
01000000
00100000
11011100
11111000
00110101
11101010
01000000
00100101
01010111
11100101
00100001
01000000
11110000
00100001
11110101
11110101
10100111
01010111
10101110
11011010
00110001
00100001
01011110
10100110
11111010
11110101
11010011
11110101
01011110
11110110
11011101
01010111
10101100
01011110
01010111
11111010
11011100
10100110
11111000
11111010
00100011
00100001
11111010
01000000
01010111
10100100
01010000
11111100
01110111
10110001
11110101
01011110
11100010
11111101
11011101
10100110
11011100
00011100
11111010
11000000
00100001
01100001
10100110
01001110
00110001
11010010
11111010
01110111
11011010
01001100
11110010
11111101
11000010
01100001
00101010
11111000
01011010
11110101
00010111
01011110
11100100
00111001
00100001
01010111
11011010
01011110
10101000
11010111
00100001
01000000
01011110
01000010
11010111
01010111
10110101
11011001
11011100
11110001
11000111
01011010
00010111
01010111
11011000
11111011
00011101
01000000
00101000
00101001
01000000
01111110
01011110
11111010
00001000
11110100
10100110
01001110
11100110
11111010
00000001
11111010
00100001
00101001
01011110
00101001
01010101
10101110
11110101
01001000
11110101
11111010
01010111
11010111
01000000
01010100
11100111
00100001
11011100
11111100
11011100
11100110
00011110
00100001
01111001
10100110
11011100
01010100
00010111
01011110
11110101
01100001
00100001
10110110
10101100
01111010
11111010
11111010
00010101
11110100
10110101
11011010
01010000
11101110
11111101
10110101
00100001
11000010
11110110
11110010
10100000
01000000
00110101
10100110
00100001
01100001
11111010
10100100
01010111
01000000
11011100
00100001
00101001
10100110
00000101
00101001
11110111
10111110
00100001
11100110
11110111
00101101
10100001
01110111
01011111
10111010
11001100
00110001
01011110
10101110
11011100
10110101
10100110
10100110
11111010
10100110
00100001
11011100
01010111
11110101
00100001
11011101
01110010
11110101
01000100
11011100
01010010
11011100
01011010
01010111
10100110
10100110
01000000
11010110
01111110
01011110
00100001
11111110
11011110
00110111
11111000
11111110
10000110
01111010
11011100
10100111
01011110
01000110
10100110
11111101
11110111
01010111
00100001
11111010
10100110
00100001
01010111
11110010
00100001
01011111
00100011
11110101
00100001
11111010
10100110
01100001
01011110
11011100
10100110
01011110
10100100
10100110
01010111
11110111
11011110
01011111
10110110
10100001
11110101
01010111
01100111
11001010
01011110
11111010
10100101
01011110
11111010
10111011
11110101
00100001
01010001
11000111
00100001
11110101
01100000
11111101
11010100
00100110
01011110
10100110
01010111
01000000
11110101
01111111
10101010
10100101
01011110
11011110
01000101
11110101
11010111
00100001
11011010
01011110
11110101
01011010
11100001
00100001
10100110
00100101
11110101
01010110
11100010
11011100
01010101
01011110
11111011
01111000
00100011
11110101
11011100
11011100
01000000
10000110
01010110
11011100
01000010
11111010
01000111
10110110
01110111
11111010
11011000
01100011
01011110
01010111
11011110
01010111
11011101
01000000
11011100
11110101
11011100
01010011
11011101
10101110
01000010
11111010
10110110
11000010
01001000
00101001
01100000
11110101
01010111
11011110
00010111
11110001
11110101
00010111
10100110
10000110
11110101
01011110
01011110
01001110
00101001
01011110
10011100
11011100
11001100
11100101
01011110
11110011
00100001
11110101
01000000
01011110
00000001
01011110
00100001
11011100
01011110
11010101
11010111
10100001
00110001
01010100
11111010
10100101
00110001
11011100
10101001
11111010
01001110
00100111
01100011
01001000
11111010
10110101
11111100
10100110
11011100
11111010
11110110
11111011
00110001
00011111
00101001
10110101
11011011
01011100
01000100
11011110
11011100
10000110
11111010
01010000
11011100
01000000
01011111
00100001
01000000
10110110
11110101
01011010
11110111
01110111
01011110
11001100
11111010
11011100
11010101
11101111
01010100
10100110
01010111
10100010
01011010
10100000
01011110
01110110
11011100
11011101
11001111
01111000
01110111
00101001
10000110
10100110
01111011
10100110
11010010
11011100
01000000
01010111
11111010
00000001
11011100
01011111
10100110
01100000
11011100
01110110
11101010
01000000
01000111
11110101
11011110
10001100
10011100
01000000
01111110
11111010
10100110
10000110
01010000
01011110
11011110
10100110
01010111
01110111
11011100
00100001
00100001
11110010
10100110
01000000
11011101
01100000
00000100
11110100
10010100
11000000
01000000
01010111
01111101
10100110
11111000
01011110
01011110
11000000
10100110
00100011
11100101
11110101
00111011
01010001
11100101
11110001
01010111
11010101
01010111
11011111
10100110
10100110
01011110
11111010
01110101
00100001
00100001
01001000
01010111
10110101
11011111
11100110
11011100
00010111
00000110
01010101
10100110
00110001
01000000
10100110
10100110
01010111
01011110
11011100
11100100
01011110
11001100
10100001
11011100
10100110
11011111
00100110
01010111
11110101
00011011
01110111
10000110
11001100
11011100
11111101
01010111
11100100
01010101
01000000
01111010
00001001
11010111
11111001
01011010
00100001
10100110
11011100
11011100
10100110
11101010
01011110
11011011
01000100
01011110
11111010
01010111
01000000
01111111
01011010
10100110
01110001
01111010
11010101
11011100
11111010
01010011
01010111
01010111
10101110
00110001
11010111
00100001
01010111
01011100
11011100
11110101
00111111
11011100
11111000
11110101
01001110
10100100
10100110
01000000
01010111
01010111
11001010
01011110
11011101
00100111
10100110
01111110
11110101
01110101
11000010
11110010
11011100
00011110
01000100
10000110
10101110
10100001
10110111
10100010
11011100
11011000
01011110
00010111
11011111
10110110
01010111
01011100
01000000
00110101
11010111
10100110
11001100
01100110
10100110
11111010
10100110
01011110
10100110
11010100
00100000
01000000
01010000
11110101
01100000
01010111
01011110
01011100
01010110
01000000
11111100
00100001
11011100
10100111
00100110
00100011
11110111
01011110
01000000
00110100
00100110
11011100
00100001
11011100
01010101
01000001
10100100
11011100
11001110
00100001
01010110
01000000
01010101
01100011
00100001
11110101
11111010
01010111
11111100
01010111
01001110
11111010
01010111
11011100
11010101
11011010
11011101
10100010
10101110
00100001
00100001
01011110
11111010
01010110
01000001
11111010
00000000
10100110
00000110
01010000
11110101
01000000
11110101
11011100
01011111
00100001
00100001
01011110
01011000
01111110
01011101
01000000
00000010
01011110
11110101
01010101
11111010
11110101
11011010
01011111
10100110
01011110
01010110
01010111
01001110
01000000
00100101
01001110
11110101
11011000
11111010
00100001
11010101
01010111
01100110
11111110
01100000
11111000
00001001
11011100
01011100
11000000
01011110
11100101
01010101
11110101
10100110
11011100
01000111
11010100
10100011
01000100
10100000
11011110
10100111
01011110
11110010
01010011
01010000
01000100
11110101
00100001
01011110
10000110
01011010
01000000
01010011
01100000
01011110
11110101
01010111
01110111
11111010
01011110
11011100
11110001
00100001
01010111
11111010
10100110
01000000
01000000
01000000
11111010
00111011
11101011
10110110
11111100
11010110
01011100
01000000
11111010
01000000
11010100
11110001
11111101
01010111
01000000
01000100
01010111
00011111
10110110
11010101
01011100
11011000
00100001
01011100
01010111
00100001
11110001
11010100
01001110
01010110
11110101
11011010
00100001
01011101
00110001
01001110
11011001
01010111
11111010
00100001
11111010
00010000
10101001
11011101
11011100
00100101
11111010
01010110
10100110
11110101
10000000
01011000
01011110
11110101
01010111
10100100
01000000
01010111
00100001
11111010
01000000
01000000
00010011
00111100
11110001
10100000
00100001
10100110
11011101
01000000
11001100
01001110
01011110
11111010
11111010
11111011
01010111
11011100
11011100
11110101
11010101
11110101
11111010
01000001
01000000
01011010
11101010
11010111
10101110
01010111
01010110
10100111
11010110
11111010
00100001
10101110
10100111
11010101
01110001
11000001
11011010
00100001
11011100
00011110
11110101
01010110
01011110
01010011
01001110
00100001
10100110
10001110
01010110
11111110
00100001
01110101
01010111
01010101
10100110
01110100
01000000
01100001
11110010
11000000
00100001
11111101
00110111
01011110
01011110
11100110
11011100
10100101
11111010
01010111
10100011
01011110
01000000
11010101
11111110
00011110
11110101
10100110
11110111
01000000
01111010
11111100
10100110
00000000
11110101
01010111
11111010
01011111
10101010
01010101
10111010
10110101
01001001
00111001
01010111
10100111
01111111
11111010
11110101
01010110
00100110
01011100
11011110
01110000
10100110
11110101
01011110
00100001
01010111
01110101
01000001
01011100
11110101
11111100
11011100
11010111
01010111
11011100
11110001
00100100
01011110
10000111
11110101
01010101
00100001
11110101
11001010
00010111
01011111
01011110
01000000
11110101
01000000
00100000
01100001
01010111
11111100
11111010
01011110
00100001
01000111
11011100
11111100
00101001
01000001
11111010
01010111
11110110
11011001
01000101
00100011
11110101
11010101
11111110
00100101
01011010
10111010
01010110
11110010
11101010
11011010
00010111
11111000
01100000
11011000
01011110
10100001
01011010
10000001
01001000
01010111
01111010
01000010
11110101
00100110
01010111
01010111
01000000
11111010
01010110
01000000
01000000
11100110
01010111
01011110
11010101
11111010
00100001
01000000
01000000
11011100
10110110
11101000
00000000
01000000
01110110
10111010
11011010
10100111
01011110
00010110
01010100
00100011
11111010
11111010
10100110
11111010
10100110
01110010
11011100
01010111
11111010
10000111
11110001
11011100
11010111
10100110
01001110
01011100
01011111
01100001
01010110
10100110
10100001
01001110
01000000
11111010
10100110
00001001
01110111
01100100
01111010
01000111
11111010
01000000
11110101
01000000
00011100
00100010
11111010
01011101
10011100
10000110
11100110
01000100
01011110
11110111
11010111
01001100
11011000
11110011
01011110
01110000
11010111
01010111
01010111
11011000
11110001
10100110
01010111
11011010
01010110
00100001
10101110
00000000
10111100
01011110
10100100
01010110
10111100
11110101
01011110
10100010
11111101
10100010
01000000
10100110
01010101
00011110
01001110
00001000
00100011
01011110
01011110
11011100
00010111
01000111
00100011
01000000
11011100
01110101
10100110
11011110
00101101
01000100
10000110
01010111
01001110
11111010
01001100
11111000
11011100
01010111
00000100
01000000
10100110
11111010
10100011
11011100
01110111
11011100
00100001
10101010
01010111
11110100
00000001
00110001
11110101
01000000
10111110
11111010
10110010
01101010
01011110
11110101
00010000
11111010
11000000
11110101
11011000
01100101
11011100
11100110
00000000
01011010
11110001
11011100
10110111
11110101
00100101
11111110
11011101
11110111
11111010
00100001
01110101
01000010
10111010
10101110
01000000
11111111
00100001
10110100
01010111
11011100
01010111
01011011
10100110
01100001
01011111
10000010
01000000
11111010
01010111
01011110
01010101
11100101
11011100
01000000
01011110
11011000
00100000
01000000
00100011
01110111
10100110
11110101
11111010
11111010
00100001
10100110
01100000
11011110
11111100
11110101
11010100
11010000
01011111
01000000
11111011
00100011
01011110
11111110
00110001
10100110
11111010
01010111
01001110
00000001
00010111
11111010
01100101
01010001
00100011
11011100
11011110
11111010
01001110
01011110
00000001
00100001
01000111
00000000
11111110
01111010
11101010
01110101
00010011
01111010
10100110
11010111
11010101
11000111
01000000
01010111
01011110
10100110
11111100
00111001
11011100
01011110
11011110
01001000
10100110
01110101
11111010
01000000
11110101
00100001
11111010
01101010
10110110
01010000
11111010
11111010
01010011
11110101
01011110
11111010
00111001
11011110
01000000
01011110
11110001
00100001
01010111
11111010
11011001
01011110
00100001
01001000
00000001
10100110
11011110
01010110
00100001
10100110
11111010
01010111
11110101
00100011
11110101
10100001
10100111
10100101
01110111
00100000
01000000
01000000
00010111
10101110
11111010
01010101
00000000
11011100
01010101
11001100
11111010
10100100
10000001
11110101
10100111
11111011
01011100
11111010
11011100
10110101
01110111
11000111
11111101
00000010
10110110
11110101
01000000
11110010
11111010
10100111
11110111
01000000
00010001
10100110
10100100
11110010
10110110
00010001
00100001
01011110
01010111
11111010
11011110
11111101
11010000
01010111
01000001
01011111
00100001
01110001
11110110
11111010
11011101
00100001
01000000
10100110
01010000
01100000
10011100
01000000
11011100
01011110
11110101
11110101
10100110
00100001
10111101
01011110
01000100
10000110
00011110
00100001
01000100
11111010
00100001
11010101
10100110
10100111
11011100
01000010
01000101
11110101
01000001
00100110
10100111
00101001
01011110
00011110
00100101
01010111
10100001
11010111
10100110
10011011
11011100
00010011
00100001
01110111
01011110
01011110
01001010
10101110
10000101
01010111
11011100
01111010
10110110
01010111
10100100
01011110
00010111
00100001
00100110
10101100
10100100
11110100
00000001
00110011
01000000
00010111
10100001
11111010
11001000
11011110
01010101
01010000
11011100
01001000
11010101
11110111
00100001
01010111
11110110
11111010
00000000
00011101
11111010
11110101
11110101
11000100
00100001
11111010
11011000
10100110
01100101
11011100
10100001
10100110
11110101
11100100
01000010
11110001
10100100
00100001
01011111
01111101
00011110
11011001
01010111
10100110
01000000
11110100
11100110
01010000
01001000
01010110
11011110
11110101
01000010
01001000
11010100
00100101
11111010
11111100
11110101
11010101
00000001
00100001
00100001
01100101
10100110
10011100
01011110
11010000
01011111
11111010
00111011
00100011
00011110
01010111
00100011
01000000
00100001
11110100
01010110
01011110
01000000
11111010
11111010
01000000
01000000
11111010
01000000
11000000
11110101
00000100
01001010
00101001
00011110
10101110
00100000
01011010
11110101
11011101
10100110
11011100
11100110
01000001
01010111
11101110
11110100
11110111
01011100
01110101
10100001
11011110
01011100
10110001
00100001
00100000
11011100
00100001
11111101
01000001
10011010
01011110
10100110
00100001
11011101
01010000
01000111
11111010
01010111
00100001
01000010
11110101
11110101
11110100
11011110
00010101
11101010
01011110
11111100
01011110
10101110
11111010
11010100
10100110
01010111
10111101
01100011
01011110
01111010
01111010
01010110
01010011
11111010
11010100
01101110
10110101
11110101
00010111
01000000
00010111
11010100
00100001
01011111
11110101
01011111
01110111
11111111
10100011
01011110
11110110
11111100
01001000
10100110
10100110
10100100
11010101
01010110
11000000
01000100
11110101
00000001
11011100
01010111
11101010
00100001
01011110
00100001
00110001
10010110
11011011
01011100
00110101
11000111
01010111
10100100
11110010
01000010
10100110
01111110
11011101
01101000
11000010
11110100
11010101
01100001
11111010
10110100
11110010
00100101
10010100
10001110
11110001
01100001
11111010
00100001
11111010
11111010
11011110
01000000
11110010
10011101
10100010
11001110
11110110
01000010
11111010
01000001
11011100
01100000
11111010
00101011
01010101
00100011
00110101
11011100
01000000
11111100
11100101
00100001
10011000
11000100
11111010
11100010
01111010
01000000
01100000
11111011
01000000
00100100
10100110
11011100
11101011
11110101
01010011
01000000
01000000
00100001
11111010
00100001
11111101
01100000
01100001
11011100
01100001
01110111
00110111
11011100
01000000
01100001
00100001
10100110
11111111
00110110
11011110
11111100
00000100
00100001
01000010
11110001
11011101
11011001
11110101
01011011
01000000
10100011
11111010
01010011
11000110
01010001
01001110
00100001
11111000
00100001
11010100
10111010
00100110
01000000
01011101
11110111
11101000
01011101
11111010
11110010
11011110
01000000
00100110
01010111
00100001
11111010
01011110
11110101
01111000
01111010
00011110
01010111
10111010
10111010
01000110
00010111
01010111
11011110
11011010
11011100
11011010
10000110
00010111
01000000
10110110
01011100
01000010
11011010
11011110
01011110
01000010
10100100
00011110
01101001
11111110
11011100
01010111
01010110
11011010
11110101
01011111
01010000
11111010
11110101
11011101
11011110
01011110
11010111
01010000
01011110
11010111
11000000
11011100
10100110
00100001
01011110
11011110
01011111
01111011
01100000
01001110
11111010
11011110
11111010
01011110
11000111
10100110
10100110
10010110
11011100
10111010
11100101
00100001
11011000
00110010
11011100
11011100
01110011
00010001
11110110
00100000
10100110
01000000
11011010
01010101
11111110
00100111
11111000
10111110
00100011
00100001
00011110
11110101
11011100
11110101
10100100
11111010
10101110
01011010
00100001
00011110
11011110
01010101
00000001
01011010
11011100
11110101
11111010
11011100
10100110
11111101
11111010
01010111
01001111
11110101
00001001
11110101
01000000
10100110
00100001
00101001
01010111
01011110
00100001
11110001
11110101
01000111
11110101
11111110
01001000
10110110
01001000
11011010
00001110
11100101
00110111
01000010
11111101
11110111
11111000
00000000
10100001
11011110
10100110
10110110
11110111
01010000
11011010
00001000
11011100
11111010
01011010
11011100
01110110
00010110
01000000
00100110
10011100
11011100
00101001
01000000
11110111
11111100
10111111
01010000
10011110
01111110
01000000
11011110
01011110
01000000
00110000
11011100
11100101
11011101
11100001
11101110
00100000
10010111
11010101
00000010
01010111
01011110
11110101
01010011
00100011
01111111
11101010
00100001
01010000
11011100
01010111
01010101
11111110
01010010
01100000
00100001
01010111
01011110
11011100
11110111
00011100
11111110
00100001
11110101
11110101
11011100
11011100
10000110
01011100
00010111
10100110
11101010
01100001
00000000
11000111
01000001
11111010
01010110
10111110
11011100
11110101
11011100
11110101
00100000
11011100
10011100
01100001
01010111
00100001
00000000
11010101
00101001
11011100
00100001
10100001
11011010
01010111
11110101
11111100
01010010
00100000
00101001
01000000
01010111
11111010
11111010
01011010
11010110
11010111
00000010
10111010
01110101
01000000
00100101
10100110
11111100
00110000
01011111
00000010
01010111
11110101
10110110
01010111
00111010
11110101
11111010
01100001
11011100
10110101
10100100
01110100
00100001
00100000
01010000
01011110
01100001
00000001
10100110
00100001
01001110
10110101
11011110
11110111
01010011
11110101
00100001
01000110
01011110
01000000
01001000
00100001
00000001
11011100
01010110
01001010
01010111
11111010
11010000
10100100
11011100
01011010
01010100
01010110
11100101
11110101
11111100
11011010
10100110
01011101
01011110
01011110
00000001
01010111
10101010
01010111
11111010
01110001
01001110
11011100
10100110
11100101
01000100
11000110
01010111
11011110
10010110
01010111
01010111
10100110
01011110
01010110
01100001
11110101
00000000
11011101
01001110
11011100
11110101
01100101
01000000
01011111
01011110
11110000
11011010
01010101
01110101
01011010
00110001
01011110
11011100
01011100
01010111
11110000
00100001
01010111
01000000
11010111
01110110
01011010
01101001
01010110
11011100
11111110
10110100
01010001
01000000
11001101
11111010
01000001
11110101
00100110
10001110
01010111
01000000
01010101
01100000
11010000
01010111
11001100
10101110
11010101
11011100
