0010000
0101001
0111111
1101010
1110010
0101111
0010000
0101011
1111100
0100001
0110001
1111101
0001010
1010011
1111101
0100011
1010010
1111100
0010101
1001110
1101110
1100110
0111010
0100000
0111110
0101111
0111011
0101110
1111001
1101110
0101011
1010011
0101010
0110010
0101101
1100001
0101111
0110110
1101110
0101111
1111011
0100000
1101110
0101111
0101111
1011011
1001110
0101111
0000000
0010000
1101101
1001110
1101011
1111101
1101010
0010000
0101011
1010011
0100100
1111101
1111101
1111010
0111010
1111010
0010100
0101011
0111001
1101110
0111101
0011000
0101011
0101011
0101011
0100000
0101111
0110000
1101110
1110001
1001110
0111000
1101111
1111010
1101000
1110010
1111101
0001111
1111010
0101010
0111011
1110001
1101110
0011100
1100010
0010000
0101110
1110100
0101111
1010011
1101110
1110110
