111101011
110110000
110000000
111101011
001000010
010000000
111110000
111101111
001000010
110111010
000001000
001011100
001000110
010101110
010111100
111110000
010111111
001001100
010101010
000000001
000101110
010111110
100011100
010011100
010111100
001000011
110001000
010111100
010000000
011111100
010000010
010101110
001001101
110111100
010101100
111110100
010111100
010000000
110110000
110111000
111101011
001010010
110111101
111101011
010101110
011001011
101011101
010011100
111101011
110101110
111101011
011000011
100111000
010000000
010101110
110111000
111110100
010000000
001000010
001000010
010111110
110111110
010001010
011101110
100101100
111100110
010000000
000000110
100001100
010110110
010101110
110111010
110101001
001000010
101001001
111001000
111110000
000000000
111001100
001000000
110101000
101001100
111110100
101101100
001000010
110011001
010100000
111100100
000101110
010101110
110100100
010000000
101110110
110101110
110111000
111101011
010111100
001100100
010100011
010111100
001000010
110110100
001000010
001000010
111110100
111001100
010100000
010101111
111100011
101011101
010100110
011000010
111101011
000000000
111111100
101001100
010000000
111001011
001000010
010111100
101001100
010011100
111101011
110101110
010000000
010000000
001000010
101001100
010000000
101001000
111010101
111101011
001001010
010101110
010111100
010111100
010111100
011011100
110111000
010101110
010101111
010111100
010000000
101101011
010111100
111110011
111011011
010001110
010010100
110111100
101001100
000000010
101101011
010111100
110111100
110111000
111110100
110101110
111110000
010101100
010101110
001000010
111101011
010000000
101001100
100001101
111010100
010111100
001100101
010111100
001000000
010101110
101101011
001000010
111111011
101000100
010101110
111100100
001100010
010101110
111110100
010010001
110111000
001000010
101000010
110001000
010000010
010101110
101001100
101001100
010000000
010111100
111111111
010101110
110111100
010000001
011100001
100110100
101001100
110111000
111000100
110101111
111001100
111101011
010101110
111100011
100111000
010100010
010000000
110111000
101101100
001000010
101001100
001000000
010111100
101001100
110000000
010000000
001000000
101001100
111010100
111000100
010111000
101001100
110111000
111101011
011111011
111101011
010101110
010001000
010101110
110111000
111101011
011101011
110101110
001100010
100001100
010111110
010111110
010000000
101100100
110011100
101101100
110111000
011010100
111101011
101001100
111101011
010111100
110101111
010000000
001000010
111110100
010111100
001000000
101011100
111110100
110111001
111111011
111110100
011001110
010001111
001000010
010101010
101101100
111110000
000000000
111010100
110111000
110101011
001010010
001000010
110111000
101110100
010111100
010110000
000101111
111111100
111100100
111110110
111010100
011010110
111101001
010000000
110011100
010010000
010111100
111101011
010111101
111101011
101001101
010101110
010100100
000000000
101001100
111100111
010001010
011101110
111111001
010111100
