10110010
11000000
01100001
11011110
00100110
10101111
01011110
11110101
01011110
01000000
01010111
10011101
00100001
11110101
11000000
01010111
10100111
11111100
10100110
01011110
11010100
11011100
11010101
01000010
00001110
01010111
01011111
11110010
00100001
11110100
00100001
01010111
01011110
11111010
11111010
00011110
01000000
01100001
01010101
11111010
10101010
01010111
10100110
11010000
11110101
11110101
01011110
11011100
11111011
10100001
11011100
01111011
01011110
01000000
00100001
01010111
01011011
10100110
11001100
11011010
11011100
10100110
10001110
10101010
11011000
11110100
01001111
11110101
01000000
00000110
11100010
01000111
11110011
01011100
01011010
11110101
11011100
00100001
11111010
01000001
11001100
11111010
11110100
01111010
11111010
11010101
01001110
11111010
10100110
01010111
01011111
01000000
10100110
10100110
01000000
01011110
01010011
11110101
01000000
10100111
10111010
10100110
01011110
01001100
00000001
01000001
11101010
01010101
10100001
01010111
00100001
01011110
11111110
01011110
01010111
10100110
01011100
01001000
01011110
11110110
00110011
00101001
11011100
01000000
00101001
01001100
11110101
11111010
11111010
01010111
11110111
00100001
01111010
10100110
01100001
11111100
11011100
01110111
11011100
11011100
00100100
01010111
01010111
11111010
11110101
01010111
11111101
00100001
01010111
01000000
10011100
11110111
11011110
00011110
01001110
11011101
01010110
11101010
10110010
11010111
11011010
10100110
01000000
11100111
10100110
11011100
00010110
01000000
10100110
11100101
01011100
11011100
00000000
00100000
11010101
11111101
01010111
01010111
01010111
10100110
01011110
01011100
11011100
00000000
11110101
11011100
11111010
11110100
11100000
01010111
11011110
10100110
01011010
11100110
01111100
11111101
11011100
11110101
11110110
10100110
11110101
10100110
10001100
11111110
11010111
11010101
11111101
10110101
00000000
11010010
10110101
11011100
11111011
11011100
11111110
11011110
11111100
01011111
01001110
10100110
11110101
11110101
11001100
01011110
01010101
00010101
01011110
10000100
11111100
10100110
10100110
01110101
00000011
01010110
11000010
11011001
11111010
01111001
11010101
11100010
11011100
00100111
11110101
11011100
11001100
00110101
11111010
11010100
01000000
10100110
00111010
00100001
11011010
11011100
10010110
00111110
01010111
00100010
01000110
00100001
11001000
11011110
10011000
11000110
01000000
11110111
10100110
00100110
10100001
01101010
11110101
11011100
00100001
10111101
00100001
01111110
11110010
01000000
10111100
01011110
00100101
11110101
11011100
01010011
01000000
01011100
11011010
11111001
10010110
00000000
00000010
01001101
11011110
01000000
10100110
00010111
01010111
11000101
11010100
00000111
01000000
01000111
01010000
01011100
11011110
00100001
01000111
01111010
11011110
11011100
00100011
10100010
10111110
01011111
11110101
00100011
10100110
11011011
11111100
00000001
11011100
01010111
11011100
10011111
11011110
01000000
11111000
01011110
11100101
01010111
00101110
01010111
11010000
11111010
01111110
01010111
11111010
11011100
01100100
11000000
01010000
01111110
01011110
01001110
00100001
01000111
11100101
11011100
01100000
11110101
01000000
11011100
11011100
00100001
11110101
11011101
01110011
01111110
10100110
01110111
00100001
01011111
11110101
10100001
01001100
11110111
01011111
01000000
10100110
01000000
10110100
11010011
01000000
01010111
10100110
01000100
11101101
11011100
01000000
10100110
10100110
01011110
11000010
01011111
01100001
01011110
10100110
00000000
10100110
00100110
01000110
11101001
01000110
10110000
01010000
11111110
11111100
01010111
11111000
11111000
01000001
01011110
01000000
01000111
10011110
10000010
01100011
01000000
10100001
11111010
01011100
11010101
01000111
11011100
10100110
11111010
00100001
11000001
01011110
01011101
01010111
11110111
01001111
10110110
00010110
11111010
11100101
11010101
10011100
01011100
01011111
11000100
10000110
11110101
01010111
11110101
01010111
00110101
00101001
01010011
11111010
11100101
11011100
01010111
01000010
01011100
11001100
01000000
10100000
01011101
11011100
10111010
00111110
01010111
11100110
11110101
10001100
11110001
01000001
01011110
10111010
00010111
10100001
11110101
01000001
00000001
10111101
11000110
01001011
01010111
01010111
00100001
11011100
01000010
11011101
11000000
00100010
11011100
00110101
11000100
00100001
10100110
01100001
10011100
11011100
11011100
00100000
01000000
11111100
01100000
11101101
10100110
11011101
00100001
10000010
11011100
01011110
11011010
11110001
11101010
01000001
11110111
10100110
01000000
11011111
01010000
01010111
01011110
10000110
01000000
11110101
11101011
01010111
11111010
00100001
00100110
11011100
01001011
01000001
00010001
01010111
00100001
10110111
00000000
01011111
11110101
10100110
01010111
00100011
11111010
00001000
01111111
01011101
11011100
10100110
11111010
11111010
11011100
01110111
10100001
11111010
11011100
11011100
11111010
01011110
11110001
11011100
01011110
11011100
00100011
00000111
11110101
11111100
01011111
01011110
01000110
11111010
01010010
10111011
11101010
01100100
11111010
01011100
11011101
01000010
01111000
11010111
01010000
11110010
11111010
01010110
01111110
00000110
01011110
10100110
01000000
11111100
01000000
10000110
00000001
01010111
11100101
01011110
11110101
11101010
01011111
01000000
11100110
11111010
01001100
00100001
11110100
10100111
01010001
01000000
01111110
11111010
01000000
11011100
01010000
10100110
01100001
10100110
00101110
11110101
11111101
01111110
01011110
11011110
01000000
00100001
11011011
10100100
10110110
00010111
11110101
11001100
00100100
11000110
11111100
01010000
11111010
11111010
11110100
01111011
01100001
01011100
11011110
01000000
10100001
10100100
11111010
11110111
01111010
10100110
11011000
10100100
01010110
01000000
10100110
01011111
01010100
01010111
00011111
10100110
00100001
00100011
11011101
00100011
11010111
01111100
01001100
10100110
10011100
11111000
11111010
01110100
01011100
10100110
00100100
10100000
00100001
01010101
11011100
11011100
01110111
11111010
01000000
01010111
10100110
01100001
10111110
00100001
11011100
01000000
01010100
01000000
11011100
00011110
11111100
01011110
01000111
01010111
01111110
01000111
11011100
11011100
10110101
11110111
11011100
01000000
01010011
01110111
01010111
01011110
01110111
11011110
10100100
11110011
10100111
00000001
11111101
00110111
01011110
00001001
10011101
11010100
01010110
11111010
00111111
11111010
11011110
01000000
00100001
00100001
10100110
01001110
11111011
00100101
11100110
01011110
00000011
11011100
10100110
01000111
01011011
01000000
00101110
10100110
10100010
01000000
01010111
11111110
01011010
01111010
01000000
00010101
10101010
01001010
11011100
01000111
01011101
10111100
11010101
01010111
11011100
10100110
11101010
11011100
11101101
01010011
00100001
00000000
01010111
01011110
01010011
01000000
01011111
01010111
00010111
11110010
10011100
01000000
01010111
10100110
00100001
10011100
11011100
01000000
10000110
11110101
11011000
01100001
00010110
11111010
11111100
11011110
01000111
10100110
11100101
10100001
11111010
10100110
00000000
01010111
11111110
11111100
11111010
01000001
01010000
10100111
00011100
11110101
01111100
11011100
10101101
01011100
11110111
01001100
10001110
01011110
11011100
11011000
01100010
01010111
01000001
00100000
01100000
00000000
01011010
11111010
11000000
01011110
11111010
11111110
11011101
01010111
11110101
11011111
10111110
01110101
01010100
01010111
10011010
10000110
01100100
11100010
01001110
00100110
01000000
10101111
00010111
01010111
01000000
00010111
11111010
01011100
11110110
01111000
11111010
00110001
01011110
01001110
11011100
01001100
10100110
01000000
00100001
11110101
11011101
11100000
11111110
11110101
00100001
01010110
01011110
11111010
00001110
11011100
00100001
01000000
01001110
01100001
11110111
11110101
01010111
11111101
00100001
00100001
01111000
01010111
11110101
00010110
11110101
01010110
11011110
00000101
11111000
11110001
10100110
11110010
11100101
11110101
11010100
11111010
10100110
11010111
01110111
11111101
00010001
11011100
01001010
11001111
01000000
01010111
11010101
01011110
11001010
10111011
00100101
11010110
01010110
01011110
10010100
01011110
01010011
01000000
10110101
11011100
01000000
10100110
00101001
10111010
01010111
01011100
11001101
01110011
01100001
01010111
11101000
01010111
10111110
00100001
11111000
11111010
01000000
01100000
00100011
01011110
11110101
10100110
00110001
11111010
10100110
00100001
01011100
00110110
11110101
01011110
01111111
11110100
10100110
00100000
00100001
01000000
11010000
10101110
01011100
01010111
00100001
00100001
10110110
11100001
10000010
11010101
01100001
00100001
00000000
11100101
11110101
11111100
01010111
11011100
11011100
11001100
11101100
11111010
01000000
11011100
01011110
11110001
11111000
11111010
11011100
11111010
00100101
00100001
01011110
11011100
11100110
11110010
00101001
11010100
10100110
01000000
01110111
11011101
01000000
11110101
01000000
00100001
01011100
11011110
11011101
11110101
01000000
01000011
01000001
01000001
01011110
