010010100
000000010
111100011
111110100
011010100
110111010
111101011
101001111
111101011
000100110
010101010
010101011
001001100
111110000
000101110
110011100
001000010
010111000
010111100
010000000
100111000
101000100
010101110
110111000
010000000
010000000
010110110
010111100
010000010
111110100
111100011
001000110
010111011
010001110
011000100
010101010
100000100
111110100
010111100
110000000
101001100
110111000
001000010
110111000
111110100
101001101
010101100
110011100
110110100
110000010
001110000
111110110
111110100
010111101
101001100
000111100
111111011
111010100
101101100
110111000
010000000
010101110
010011100
101001100
001000010
111101011
011100011
011000010
001000100
110101010
111010100
101101011
010010100
110111100
001101100
111100011
101001100
010101101
100100111
101101011
