110000000
011000010
110111100
001001100
101011110
010111100
111101011
010111100
010000000
010101111
100111010
001000010
111101011
110000000
010101110
101001110
111111001
101001101
010111100
110101000
110111000
110101011
010000100
000011100
010101110
010111110
111100100
001000010
111101001
001000010
010101110
010111100
111110100
111110100
000111100
010000000
011000010
010101010
111110100
101010100
010101110
101001101
110100000
111101011
111101011
010111101
110111000
111110110
101000010
110111000
011110110
010111100
010000001
001000010
010101110
010110110
101001100
110011001
110110100
110111001
101001100
100011100
101010100
110110000
111101001
010011110
111101011
010000000
000001100
111000101
010001110
111100111
010111000
010110100
111101011
110111000
001000010
111110100
010000010
110011000
111110100
111101001
011110101
111110100
110101010
010011100
111110100
101001100
010101110
010111110
010000000
101001100
101001100
010000000
010111100
010100110
111101011
010000000
101001110
101110100
101001101
010111100
010011001
000000010
010000010
111010100
010101011
101000011
010101110
001000010
010111101
111111100
010111100
010101110
101001100
010111000
010010000
010111100
111101100
001100110
001010010
110111000
010000000
001010010
010011000
111101011
111110100
111110100
010101110
111101111
001000010
011110100
101001100
011000010
111111000
110111000
011101110
110111000
110111000
001001000
010101110
010101110
111110100
111101011
010101110
111111011
001000010
010101110
010000001
100111000
111101111
110111100
000111100
010011100
110111011
010101100
111010100
101100100
110101110
110110100
101001100
010000000
111001111
101001100
110111000
000101100
010000000
101001100
111001011
010111000
110111000
000000000
001000000
110101011
111111011
010101110
010101110
010101111
101001100
010111100
010111000
110111001
000000000
111101011
110111000
111110100
111101001
111000000
010101110
110111100
101001100
010110100
111001100
011111000
111111010
110111000
111101011
111101101
101001100
111101011
101001100
100011000
111111100
110101110
110101011
111111011
101101011
000000000
110100100
101101011
110111000
111110110
110111000
111111100
110111100
111111000
010111110
010011100
101001100
111101011
111101011
110011000
010111100
010101010
000101011
010111100
100001000
111111000
101001100
101001100
011101010
000000110
010101100
110000100
110110010
111110100
011110010
110101011
111000100
110111000
001001110
111101011
110111000
110011000
001101010
111110100
110101000
010000000
101001100
001110100
001000010
110110100
110111000
100101100
001111100
010101110
001000100
010001100
001000010
110010000
110111100
100110000
110001100
010000000
111101111
101001100
001001101
101000011
011010101
111101011
110111000
001000010
101111011
001000010
011111100
111100100
010000000
101111000
010111100
001001010
111101011
110111000
010100110
010000001
010111000
110110100
111110010
100101100
000000000
000000100
010011010
110111100
010000000
101001100
000101110
010101110
110001011
110101000
000001110
010000000
010001110
010100000
010111000
110111100
001000011
010001110
011110100
110111100
110111001
001000110
101000100
101111100
010111111
111101011
001000110
101001100
110110110
111111000
000000010
110111000
010101111
110111000
100111110
110111100
010000000
111110001
010111100
111001011
010101110
001011100
010101111
110100001
111110100
011111100
010101110
111110100
110111000
011001000
110000000
010100000
011111101
010111100
010011100
001000010
010001110
111001010
110111000
011000000
111101011
010000000
110111000
110111000
001000010
111101011
110111010
011100111
011111100
101001100
011101110
001000010
010111110
111101011
101000011
010011001
111101111
010111110
010000000
101001100
010000000
101101000
110100110
010000000
010101110
101001100
010001000
111011011
110111000
010000000
101001100
101001100
010111100
110000100
010111110
011000010
010111100
101001100
000000000
101001101
001001100
010001100
111010010
010001100
101100000
010100000
111111100
111111000
010101110
111110000
111110000
010000010
010111100
010000000
010001110
100111100
100000100
011000110
010000001
101000010
111110100
010111000
110101011
010001110
110111000
101001100
111110100
001000010
110000010
010111101
010111011
010101110
111101110
010011111
101101100
000101100
111110100
111001011
110101011
100111000
010111000
010111110
110001001
100001100
111101011
010101110
111101011
010101110
001101011
001010010
010100110
111110100
111001011
110111000
010101110
010000101
010111000
110011000
010000000
101000001
010111010
110111000
101110100
001111100
010101110
111001100
111101011
100011000
111100011
010000011
010111100
101110100
000101110
101000010
111101011
010000011
000000010
101111011
110001100
010010110
010101110
010101111
001000010
110111000
010000100
110111010
110000000
001000100
110111000
001101010
110001000
001000010
101001100
011000010
100111001
110111000
110111000
001000000
010000000
111111000
011000000
111011011
101001100
110111010
001000010
100000100
110111000
010111100
110110101
111100011
111010100
010000010
111101111
101001100
010000000
110111110
010100000
010101110
010111100
100001100
010000000
111101010
111010110
010101110
111110101
001000010
001001100
110111001
010010110
010000010
000100010
010101110
001000010
101101110
000000001
010111111
111101011
101001100
010101110
001000110
111110100
000010000
011111110
010111010
110111001
101001100
111110100
111110100
110111000
011101110
101000011
111110100
110111000
110111000
111110100
010111100
111100011
110111000
010111100
110111000
001000110
000001110
111101011
111111000
010111110
010111100
010001100
111110100
010100100
101110110
111010100
011001001
111110100
010111000
110111010
010000100
011110000
110101110
010100000
111100100
111110100
010101101
011111100
000001100
010111100
101001100
010000000
111111000
010000000
100001100
000000010
010101110
111001011
010111100
111101011
111010101
010111110
010000000
111001100
111110100
010011000
001000010
111101001
101001110
010100010
010000000
011111100
111110100
010000000
110111000
010100000
101001100
011000010
101001100
001011100
111101011
111111010
011111100
010111100
110111101
010000000
001000010
110110110
101001000
101101100
000101110
111101011
110011000
001001000
110001100
111111000
010100000
111110100
111110100
111101001
011110110
011000010
010111000
110111100
010000000
101000010
101001000
111110100
111101111
011110100
101001100
110110000
101001000
010101100
010000000
101001100
010111111
010101000
010101111
000111110
101001100
001000010
001000110
110111010
001000110
110101110
011111000
010011000
101001100
100111000
111110000
111110100
011101001
010111000
101001100
001001000
101000000
001000011
010101010
110111000
110111001
011101110
111110100
010000000
010101110
101001100
011000010
101111100
001000010
110111000
010000000
010101000
010000000
110111000
000111100
111111000
010111100
010001110
010101110
011111100
010001110
110111000
110111000
101101011
111101111
110111000
010000000
010100110
011101110
010101110
010111100
011101110
110111100
101001000
111100110
101001110
000000010
111111011
001101111
010111100
000010010
100111010
110101000
010101100
111110100
001111110
111110100
110111100
010000000
001000011
001000010
101001100
010011101
111110110
001001010
111001100
010111100
000000110
110111000
101001100
010001110
010110111
010000000
001011100
101001100
101000100
010000001
010101110
111111100
010110100
011110100
010000000
000101010
101010100
010010100
110111000
010001110
010111010
101111001
110101011
010101111
110111000
101001100
111010100
110111000
111011011
010100110
001000010
000000000
010101110
010111100
010100110
010000000
010111110
010101110
000101110
111100101
100111000
010000000
010101110
101001100
001000010
100111000
110111000
010000000
100001100
111101011
110110000
011000010
000101100
111110100
111111000
110111100
010001110
101001100
111001011
101000010
111110101
101001100
000000000
010101110
111111100
111111000
111110100
010000010
010100000
101001110
000111000
111101011
011111000
110111000
101011010
010111000
111101110
010011000
100011100
010111101
110111000
110110001
011000100
010101110
010000010
001000000
011000000
000000000
010110100
111110101
110000000
010111100
111110100
111111100
110111010
010101110
111101011
110111110
101111100
011101011
010101000
010101110
100110100
100001100
011001000
111000100
010011100
001001100
010000000
101011110
000101110
010101110
010000000
000101110
111110100
010111000
111101100
011110001
111110101
001100010
010111100
010011100
110111000
010011000
101001100
010000000
001000010
111101011
110111010
111000001
111111100
111101010
001000010
010101100
010111100
111110100
000011100
110111000
001000010
010000000
010011100
011000010
111101111
111101011
010101110
111111010
001000010
001000010
011110000
010101111
111101011
000101100
111101011
010101100
110111101
000001010
111110001
111100011
101001100
111100100
111001011
111101011
110101001
111110101
101001100
110101110
011101110
111111011
000100010
110111000
010010101
110011110
010000000
010101111
110101011
010111100
110010100
101110110
001001010
110101101
010101100
010111101
100101000
010111100
010100110
010000000
101101011
110111000
010000000
101001101
001010010
101110100
010101110
010111000
110011010
011100110
011000010
010101110
111010001
010101110
101111100
001000010
111110000
111110101
010000000
011000000
001000110
010111100
111101011
101001100
001100010
111110101
101001100
001000010
010111000
001101100
111101011
010111100
011111110
111101001
101001100
001000000
001000010
010000000
110100000
101011100
010111000
010101110
001000010
001000010
101101100
111000011
100000101
110101011
011000010
001000010
000000000
111001011
111101011
111111001
010101110
110111000
110111000
110011000
111011000
111110100
010000001
110111000
010111100
111100011
111110000
111110100
110111000
111110100
001001011
001000010
010111100
110111000
111001100
111100101
001010010
110101001
101001100
010000000
011101110
110111010
010000000
111101011
010000000
001000010
010111000
110111100
110111010
111101011
010000000
010000110
010000010
010000010
010111101
111111100
