01000100
00010101
01000000
00100001
11010111
11011000
01100000
11110101
00110111
01000000
10101010
10100000
00100110
11110111
10110001
10100111
01011110
10100111
00100001
01010111
10110110
10100110
10011110
00100001
01010111
11111101
11111010
11101100
00100001
00100001
01000010
11110001
01000001
01000101
01010010
11011100
10100000
11110101
00100001
00100001
11110101
00100011
11011010
10100111
01000001
01010001
11011100
00010000
11111010
00100000
01000000
10111010
00100101
11111110
01011111
00100001
01000000
10100100
11110101
01010000
01011110
10100110
11000000
11011100
01010111
01011110
11110101
11110111
01011110
11111110
01000000
11101110
11111000
10100110
11010110
00100001
11110100
11010100
10100110
10100110
01000000
11110101
10100001
10100111
01000000
10110101
01001000
11011100
00010111
00100110
01000010
01011110
11110101
00000001
10100110
00011110
01011110
01010111
01000000
01110111
01010111
01010010
10101010
01001100
11111011
01001110
11111101
01000000
11111010
00100001
00000001
00100001
11011000
01000111
01010101
11001111
00010111
10100010
01011110
01000000
11111000
01011100
01010111
11010111
11110101
01000111
00101001
11111010
01011111
10100010
01101000
11110001
01011111
11011100
10011100
00100001
10000110
11110101
10100001
01011110
00010110
11011000
01011110
01010111
01011110
01011110
01010111
01010111
01110000
00100000
01000101
01100000
11110101
01011111
10100110
11110101
11100110
11011010
10101110
10100110
01000000
00101110
00100001
00100001
10101110
10100111
00011110
11110011
01100000
10100010
00100001
11110101
00100001
01000010
01110100
01111110
10100001
11111010
00011100
11010010
01011111
11100111
11001100
11101000
11110101
11011110
00101001
10100010
11011101
11011101
11111010
01011110
00000001
11011100
01010110
11000000
00100000
01011011
10110110
00100111
01010111
00110101
11110101
11011101
10110111
10011100
11111100
01010000
11011000
00100001
10110001
01000000
00000001
11111000
01010110
11111101
11010100
11001100
11010000
11111110
01000101
11111101
01010111
00100001
11111010
00100001
01110111
11110010
01010101
11011100
10111010
11010101
01000000
11011000
11110100
00110001
11111010
11111010
01010111
11111010
11111010
00100101
11011100
11111010
11110000
00101001
01011110
10100110
01011110
01011110
00100001
00000001
01010111
01011110
10100110
11111010
00100001
01011001
11110101
11110001
00100100
11010001
00100001
11111010
01010001
10100111
01110101
10001110
01000010
01011100
01010110
10101110
01011110
10100110
10100010
11001100
11111011
10100001
10100100
10101110
10100100
01011110
01001110
10100010
01001110
11000101
11110101
11100101
11011110
01000010
00011010
01000000
10100110
00100111
00100001
11111110
01011011
00100001
10001100
11010111
01101111
00101001
10010101
00100001
11011100
11111010
00011111
10100110
11110001
10111010
00111110
00100001
01101001
00100000
11110010
10010111
01010111
11011100
01000010
10010100
10000110
00100010
11100101
11010111
01000000
01011111
01010111
11111010
11001100
11111010
11011100
11011111
01010111
11110101
01010111
11110001
11011010
10000110
01000000
10100110
10110100
11010101
00100001
01001110
10100110
11110101
01000111
11110101
11111011
00100001
11011100
01011110
00110001
01000100
01011100
00000111
11010111
01100101
01011000
11110101
11111010
01101010
01010111
10100110
01011110
11110101
01010110
00101001
00000100
01000000
00100001
11111000
11010100
10100110
11111010
10101110
11011000
01000000
01010110
10101110
11110010
01010110
01100101
01010110
01010110
10100110
11111010
11111011
10100110
00010100
01010101
11000000
11111010
00110111
11110001
11110101
00100001
11110111
10100110
11110101
11010000
11010100
11110101
11011100
01011110
01011110
11111010
01010011
01011110
00110101
01010111
10100110
01000000
01011111
10100111
01011110
11011100
10010110
01010111
11011100
10100110
01100011
01000000
11111101
01000000
01011110
10100110
11111010
01010111
00100101
11011000
11111010
01100011
11111110
01010111
11110101
00000000
11010100
11110101
01010110
11110101
10100110
01010111
00100000
11000111
01011110
10100100
01000000
00001001
00100001
10111010
00101001
01010111
10100110
01010101
01110110
01011110
11011101
01011110
01010110
11111101
01000000
10111010
10110011
01011010
11011100
11011100
01110111
01010111
00100101
11110101
11111100
01010110
01010111
10111010
11011110
11110100
11011100
11010100
10110001
00000011
01111100
11011010
01010111
01001110
01011110
10100100
00000001
11011100
11011010
01000101
01001110
01000000
01011110
11111010
01011110
11111010
01000000
01001000
10000110
