01011110
11111010
11110001
01111110
10110110
00100001
10010111
11011100
01000111
00100001
00010111
01000000
01001000
11100110
01101100
10100010
01010111
01010111
10100110
11011100
01000000
01011111
10111010
11111010
01010100
01011110
10100110
00110001
10101010
11111011
01010101
01110111
00100101
10011010
11111011
10100100
01000010
01010111
10110101
11110101
01100101
01111100
11100110
00100011
11111010
01110100
01010111
11011110
01010000
00110111
01010000
11001110
00100001
01100011
01001000
10100100
00110001
11011101
11111010
01010111
01011011
10100110
11011100
00100001
11010000
11101010
11011111
01100000
11101110
10100100
01000000
01010110
10100110
10100110
11100101
11011010
01000010
01011110
11011101
01101010
01000101
11111010
01100001
01010111
10001100
01010111
01010100
11000111
11100001
01011110
01000000
01110111
01011110
01011111
01001000
11011100
01000000
00011110
11010111
11011100
01001000
01000000
10100110
11111010
01010000
10100010
01010011
11011100
01110101
01011110
11000001
10100001
01000000
01011110
11111010
11100101
10001110
11000110
00110001
01011110
11110101
01000000
11111100
11110101
11010101
01011110
00100001
01010111
11011100
01011110
11100101
01000010
11110000
11110101
11011100
01000001
01000100
00100001
00100001
11011100
01111101
11011100
01010110
01011000
11110101
11111110
00100001
11011110
10100110
00000000
10101110
01010110
01011010
11111010
11011100
00100001
11010100
00000001
11110101
10100110
10110101
00000101
00100001
10011110
01011110
11101010
01010110
01011110
00100110
10000100
11111010
01010011
11011110
01000000
11110101
10010000
00100111
11011110
11110101
00110101
00100101
01001111
10010110
11111010
11110101
01010111
00011110
10100110
10100110
01001010
10100110
11111100
00110101
01010111
11110101
01000000
00101001
01000000
11011100
00101001
00100001
10110101
11011100
11011100
01011111
11111001
01000000
01100000
01011101
10100100
01000000
00111001
11111100
01010111
01111111
11111001
01010111
01011100
10100110
00100001
00010011
10110110
01011110
00100001
01010110
11010110
11011100
10000110
01000100
11110100
01000001
11011100
01000000
11111010
11011101
10000001
01011111
10100110
11000110
10100110
11010111
00100001
01011110
11011100
01100000
11111010
10100001
01010111
11110101
01011110
10100100
10111010
11110101
01000001
11110101
10100110
01011100
01010111
11111100
11111010
10100100
01011000
11111011
00000101
00100000
01111010
10100110
00000000
01000000
00100001
01001110
01000000
00100110
00101001
01011110
00101001
11011101
01011110
00100101
11000000
11011110
01011100
00000000
11000000
11011100
11110101
11011010
10100110
01010111
01001100
00100001
11101010
10100110
01010110
00100110
01010110
11011100
01000010
00100001
01011110
01010111
11010111
10100110
01110110
11111011
11110100
00101001
01001110
01011110
00100001
11011100
11011100
01010111
11110111
10100110
01000100
10110001
11001110
11011100
11111011
11111000
01011110
01011111
00010011
01011110
01000000
00100110
11101010
00010000
00101001
11001010
10100110
01011111
11100110
01001000
01000001
10010100
00100011
11010101
11111010
11100111
11110101
00100001
01011110
11110111
11110100
10100110
11000000
01010011
01010011
00100001
11110111
01010110
11111110
00000001
11100101
10011110
00011111
11001000
11011000
11010111
11010111
11010100
11011100
01011110
11111010
01111010
01010011
11111110
01010110
01100000
11010111
11100100
01010111
00011100
10100110
10100110
11011100
01010010
11101100
11011101
11110101
11011100
11001110
10100110
11110101
01000110
11001100
11011111
11011101
00101001
01010111
11111010
11011101
01000000
01111010
11100110
11110101
10011100
00100001
