110111000
010000000
001101110
111101011
110111100
001000010
010101110
001000010
011101011
101000010
101110100
101001100
010110100
010111100
001000010
001000010
111100111
000000001
001000100
111110010
100000100
111111010
010111110
101110100
011111100
001000010
011110000
100001100
010000000
110101000
001000010
010000000
101101001
001100010
001100110
001000010
101001000
010000010
010101100
001000010
010111000
010101110
001001010
110001011
010101111
010101010
111101011
001001100
101100011
010000100
100111000
111110100
010100000
111101011
010101110
101001100
001000010
111001011
111010100
110111000
011111100
111110100
010011100
110111000
111001011
101001000
001000010
110011001
011001100
111101011
111110100
001001100
110101011
110111000
110101110
000101110
110111000
001010010
111101011
101101100
001000010
100000100
101011100
101001011
100001100
001100010
011111100
101001100
001000011
010001110
110111000
101001000
010101110
001000010
010101110
110111000
010101110
111110100
010011000
010000000
011010010
111110100
111110100
010101111
010000000
010111100
010001110
111110101
111111011
110101010
110111000
110111000
110111000
111110100
110101000
101001100
010101110
110000011
111110100
010000000
111111100
001010011
101001100
111101001
111110110
010011100
010111101
010101100
001000010
110111100
010101110
101111100
001001010
010000000
111101011
110111000
111101011
111001101
010111100
111110100
010111100
010101100
010100100
101110100
100010000
010101110
010101110
010101110
001100010
111101011
100111001
111110100
010111100
000111100
100111000
111011001
010000000
111100000
101001000
010101000
111110100
010101110
010001110
111001100
111101011
010111100
110111000
011100101
111110100
010111110
010111100
001010100
111001100
111000000
010101110
111110000
010011000
010101110
111101011
010000001
110110000
110011010
010101110
001000110
111110100
101110100
110111000
010101110
001000100
010100010
010100010
001000010
110000010
010101110
101101011
010000000
010111100
001000010
111110100
101100100
010111100
101001100
110111000
111011010
110111100
011000010
100000010
101000100
010111000
101000010
011000000
101110110
111101011
111101011
110110000
110101110
010111110
110111011
111110100
001001010
010111100
111110100
000000110
100101100
110111000
111100101
101001100
001011000
001000010
011111100
110001100
001000010
010000100
010000000
100111000
110111000
100001000
010010110
111110100
010001110
010101010
111110100
111110100
010111100
010111001
010110000
000000001
001000010
001000011
100000000
010000000
000000010
101110100
010101110
100111001
111001100
101001101
010011110
110111001
010101100
111100101
010101110
010111000
010111111
010001001
111110100
111101011
010101110
101001100
101001100
010111100
101011011
011000100
010000100
101001100
110111000
110110100
011100011
010100100
001000010
111101011
010111000
101011110
001010000
001000010
110111100
111101011
101001100
101010100
111111010
001000010
010001000
010111101
111110100
001000111
101001110
000101110
000101100
011011100
110110110
010101110
001010010
010101110
110111000
111110100
111101011
011111000
101001100
001010010
010101111
111100100
111110100
101001100
100001100
111110101
010101110
010101010
000000010
100111000
001000110
010101010
101001100
010101110
110100000
010111100
100110100
101001100
001001010
111101011
010000000
110111000
010110101
001110100
010100111
000000010
100101010
111101011
101001101
010101110
111101001
010101110
001000010
100001100
111101011
010101100
111110110
010101100
110111010
010111100
001100010
111111000
110111000
010111100
010101111
010101110
110111000
101001100
111101011
010110100
010100110
010101100
110011000
100000100
010010001
011001110
010000000
111110100
011111100
010111100
010100110
111101011
111110100
001000010
001000010
101001100
101011100
111001100
010111100
010011100
011101111
111101011
011101110
010111100
010111110
011110100
111001000
101001100
010000000
010101110
001000010
010101100
111110100
010110100
011000000
010100100
011101100
110111000
111111011
101001000
111110100
010000100
111100100
000000111
010101110
010111100
011111100
110000000
111110000
111010100
110101010
010010010
010000000
010101111
010011100
010111100
110101001
010011000
001100110
111110000
000001100
100111000
101110100
110111100
010100000
010111101
110111100
010110000
101100100
011000000
010000101
011000000
110111010
010111100
110101011
001001010
010000010
110111100
111101011
001000110
110110100
110000000
010101110
101001100
000000010
010101110
111110100
101110100
110101001
101001100
010111101
111111011
011000001
010111100
010101110
110011001
010101011
011011100
010000000
010111100
000010010
111110100
010101110
111110100
010011100
101000101
111101011
010110000
011111100
011101011
111110100
010111100
111010100
111001011
111110000
101110100
010000000
001001100
111110100
111110100
010111101
010000000
110111100
010111110
010100100
111111000
101001011
010000000
000010010
111110000
011001110
000010010
011000010
111101011
100011000
001000110
101001110
111101011
111110100
001011010
010011100
101010011
010101110
111100011
111101011
111101011
101001100
010000000
101000110
010000110
010111100
110111000
110111000
010101110
111010000
110111000
010111110
010111000
010111100
110011000
111110110
000000000
111110100
111101011
101001100
000111100
001000011
110111100
100101011
010111101
110011000
010101010
010101110
110101000
111001100
111110100
111110100
110111000
111110000
001000110
111110100
000000000
110111001
100101011
101001100
110101000
110111000
001010010
110101011
010111100
111001001
101001100
011101110
010111100
000111010
111110110
010001100
010000000
101001101
010000001
111110000
111101011
110001000
010111101
010000000
010000101
001001000
001011010
110111000
010000000
001011100
101001110
011111100
011001010
011110100
001000010
101001111
001001010
101001100
010000000
111101011
010111100
111010100
000100000
111110100
010111010
111111100
111101011
010001000
001000111
010011110
010111000
010101110
111110100
101001100
110111000
101001100
101001100
001010100
101001100
111101011
010111100
111101011
011101110
101001111
000101110
110110100
111000110
110111100
111101011
010111110
111110100
010101110
111001100
101010100
111111100
100001100
101001100
010101110
010111100
111111001
110111000
101111001
111111000
110001000
001100010
001000010
000101001
111110100
111101011
111110000
001000111
111001101
010111010
001111101
010111100
001000110
010101010
010000000
011000000
010101110
011110100
001010010
111100011
111100111
001000010
111101011
001000010
001000010
010111100
111110101
010101110
101001100
010101110
111110100
010110100
010111100
101111011
010101100
010101100
001001010
100101010
110011101
010111100
111101110
010100000
110101011
101101011
101001100
010001000
110111000
110101000
111111011
110110100
010101000
001100010
101110000
111110110
001000101
010101110
000111100
010000000
001000000
010101110
010000000
000000110
001000010
110011100
010110100
010000000
111101011
010111110
111110110
110111000
010101111
011101011
101001010
101001100
111001100
001000010
111110100
001000010
110111010
111100100
001011010
111110000
110111000
100001100
110001101
010011100
101001100
101000010
110111001
011110101
010000000
110001100
110101011
010101110
010111101
010000000
111111011
000100010
010111100
110011000
110001110
101001010
101001101
110101110
110011100
010111110
101001100
111110100
111101110
001000011
010111100
011000010
010000000
111100000
001001010
001100010
101001100
010101110
001000010
110101110
111101011
010100110
111110100
010001111
010000000
110110000
010111111
111101011
011100100
001000110
000101110
000101110
110100011
000000000
111101001
100111000
010111100
101000100
110011000
010100010
111110100
010000000
001010010
101101011
110111000
010111110
101000100
010111110
010110010
111001011
111101111
010100100
111110100
101011100
010111000
110111100
111110101
101000010
111110110
111110100
100001100
000010010
010111100
101001100
001000010
001000010
001000010
001000010
111110100
111110100
001001010
110111000
011000000
001100010
111101011
110011010
110111001
010000110
101000110
110111100
110111000
111100101
110101000
000101110
010000101
110111000
101011100
110111110
101001100
110000000
111110100
001000011
001000010
111110100
110111000
010101110
101101100
110011110
000111100
111101011
001000010
111101111
001000100
010001110
010111100
110111000
101001100
111101011
010101110
001000110
110111100
111110101
111100100
010001000
011110000
001000000
111110100
010101110
010101110
101101100
010000000
110111000
001000010
001000010
010100110
001000010
101001100
101001101
010000000
010000000
101001100
110111000
011000010
110011000
010111100
111010000
100101100
011000010
110111000
010001110
111010100
011000000
010111000
010111100
101011100
110001000
010001110
100111110
101001100
101000010
001111000
010000000
110110100
010000000
010000100
011111100
110111100
010101110
101001100
001111100
001000010
111110000
110101100
110111000
101001100
010101110
010111100
010111110
000000000
101001100
010011110
101001001
111110101
110111000
111100011
011000000
010111100
111110100
111111100
010000010
100111011
111101101
110111000
110101000
110011000
010111100
110101000
000111100
001000010
000000101
001000010
110111000
111100100
010000100
110111000
010000000
010011100
111010000
111101011
010011100
000111100
111101011
111110100
011101011
000101100
010111100
001000010
010000000
111101011
010000001
111101011
000000000
111111000
010101100
001000010
001000010
010111000
101001100
010000100
010000000
010101110
010000000
110111000
000010000
111110100
111101011
101111100
111111011
110101000
110110100
010000000
111110010
010100000
010111100
111101001
111000111
101001100
010000000
111101011
001000010
111101011
110111000
111001011
010000000
111101111
010111100
111110100
110001110
111110110
111110100
000000010
100000010
101001110
111111011
111101100
101001101
111110100
111110100
111001111
010000000
000000010
010111100
011101100
101001101
010110100
010101110
011110000
000000010
011100110
011011100
001000000
001000110
000111101
001000010
010100111
101101010
110111010
110000000
100001100
011001110
111101010
111101011
000001010
101000100
010111100
111110110
110101110
101001100
010000000
111110110
010000000
101001100
001000010
001101010
010001000
111110100
101110100
110101000
000101110
110111010
101001100
110111100
101110101
101001100
001000000
011000010
010111110
110111100
010111000
111001100
110111000
001001000
001001000
110011000
011000000
110111000
010000110
110111000
010000010
010000000
111101010
111101010
101001100
111111011
111110110
110110000
110111000
110111000
110100000
001000010
111101010
110111000
010101001
111101011
101111100
000111010
010000000
110001110
010111000
001100010
001000010
101001100
111100011
111110101
001010110
010101110
010101110
101001000
001000011
111110100
001000000
100001100
111111010
101001101
100101100
011011100
110110100
101001101
110111000
110111000
110111000
101001100
111110101
010010000
011101111
010000000
110101100
111111111
110111000
010100010
111101110
000111100
110111000
101001000
001000010
001000010
010000000
111101011
001000010
010111100
011111110
010101110
000000010
001000010
110111001
000101010
111110100
111001011
010000000
010000000
101000100
001011100
101001101
001011010
111110101
111001011
001000110
010000110
101001100
010010000
011000010
111110000
111001100
010000110
010101110
111101011
100111000
101001011
101001100
110111000
001000000
010001110
001111100
101111100
101101100
000101100
010000001
001000010
111110110
001010000
010100101
111101001
111110100
010000100
110111000
010101110
001000010
001100010
010101111
000101000
111101011
111100100
111010100
001001000
111101011
101001011
001000010
101001100
010111100
011111110
001000010
111101001
111101011
111010100
001100010
001000010
110101000
111010100
011000000
111101010
101001100
101010100
010111101
010111101
111110110
001000010
010000000
101001100
001001100
010000000
110111010
011000010
111001101
110111010
101001100
100001100
010111010
110111000
010000000
110111000
010101100
001000010
010111100
010111100
101101100
010000010
100101011
010111110
011000011
010111001
111100011
010100110
001010010
100000010
001000010
111110100
010101110
000000000
110100100
001000010
101001100
111101011
111001100
001000011
001000000
010101110
010111100
110110000
110111100
001011100
010111100
101001100
110111000
110101001
010101110
101000000
010111100
001000010
010000000
101001100
111110000
010110110
010101100
001000100
111101100
001001100
010000010
111110100
010001110
010111100
010011100
001000010
010001100
110111000
010111100
010000100
110101111
010000000
010100110
010111100
011000000
111110100
111110100
110101011
010101110
110111000
101001000
111110100
001000000
110110100
110101010
001000010
000101110
001000010
111110100
100101000
010111100
110101011
111010100
001000010
101001100
101101011
011010001
001101010
111101011
000000010
111101011
011111100
110011000
010111100
010111100
010000000
010001000
010111000
010110000
010000010
111110100
010000000
001000010
010101110
010111110
011101110
110110000
011101011
101001110
110000000
111101011
010001000
010000010
010000000
111101011
101001100
001000000
111000100
010000000
010011100
010000100
011111100
110111000
110110010
110011000
110111000
010101110
001000010
101100100
001010000
111110100
111101011
011000011
101010011
110111000
101100010
111101011
111110101
101010100
011000010
010111110
001000010
111101011
110001000
000100110
001000010
010111100
111101110
111110101
111111011
010111100
011101011
111000000
010111100
110111000
010000000
101001101
111110100
111111011
111101001
010000000
010000000
010100110
011111100
111101011
001000010
010111000
110101011
010000010
010000010
111101011
010000110
101001100
111100100
011000000
110111000
110111100
110111000
111110100
101001101
110101110
010110100
101001100
111110000
111101011
010110100
110101010
010001110
101001100
101000010
111110110
001000011
111001110
011110100
010101010
101001100
111101111
111010100
001001111
111110100
010111100
010000011
110001100
101101011
111110100
010101100
001000011
000111100
010111100
100010001
110100000
101101100
001001000
001001100
011001100
010111100
001110010
001110010
110101110
110100110
111100011
010011100
010101110
001000011
111110000
110101011
110011100
011000010
000000000
111110100
101001100
111111100
010100011
111001100
010111100
100101011
011001000
010101000
010101110
111110100
111101011
111110100
010001000
001010010
110111100
010000001
010111100
111001011
101101011
111101001
010101110
010110100
111101011
100111000
010111100
011000010
110110100
110101000
010000000
111110110
111101011
010111110
001000010
111101011
011000010
101101100
010000000
010000000
010101110
110111000
111010100
010111110
110110000
110101110
110101000
010000000
111010110
010101110
111100011
110111000
111101011
010000001
010101110
111110100
001011110
101110100
010000000
000101110
010110100
010111100
111110000
011000010
010101110
101001000
001000010
001100010
111110100
110111010
111110100
000000000
111110100
111100100
101001100
111110101
111110100
111101100
000000000
101001000
111110100
010101110
110111000
101010101
101001110
101001100
010000000
000001100
010001011
111011000
001000010
000111100
010110110
110011100
010100001
110111000
110111101
010111100
111001011
010110001
011000010
111110100
110111000
111000100
111111100
010111100
001000010
110000000
010111100
111101011
111110101
100000010
111111001
011000000
111011100
111101001
111000100
101000101
111111011
101110100
010000000
010000000
010111100
011001010
110111000
111100011
010111100
101101100
010100000
010000000
101001100
101101100
101011110
000001011
111110100
110111000
111110100
111111110
010000000
101011100
010000000
101101100
111110100
101001100
001000110
110101110
111110100
111101011
111110100
001000010
111101100
010111100
010000010
010111100
001000010
010101110
101001100
000000010
010000000
010000000
110110000
111010000
101000100
111101011
001001010
111110000
111001110
001101011
010111000
010101110
010101110
111101010
010000010
010101110
010000000
101011101
101001100
111101001
111001011
111110100
010111111
010101100
110011010
010000000
010000000
111011000
110111000
001100010
001010010
111110100
111110100
111101111
110111001
010111100
110101110
001000110
101000010
010101110
110010000
001000010
001001100
001100010
000101110
110100100
111111110
111101011
010111110
111101011
011101110
011101011
001000010
100111100
110101000
010101100
000000011
000000000
111110100
010100110
111101011
010111100
010101110
111101011
010000000
100111001
010111100
111110110
101011000
110111000
001000010
010111100
010111100
000011101
110111100
111110100
110111101
110110100
010101110
010101110
001000010
001100010
010000000
101001100
010101100
011101111
000000011
111001011
000000000
110110001
001100010
010001100
001010000
010101110
111101011
110101010
010101110
111101011
001001101
010101110
010111100
001000010
001011010
010000000
111100011
001001010
111110100
101001100
010101110
001000011
111110101
111100011
101100100
111110100
010100110
010101110
010000000
110000010
001000010
111110100
001101110
101011100
010111100
110001000
001000010
010000000
000000000
010101110
101001100
110101111
110000001
110100011
010010000
111101011
011101110
101011100
010000000
101000100
001000010
001000010
111110100
011101110
111100011
001000010
101001100
001000010
001100010
010000000
111010100
110111000
001000010
111101011
010101110
010111100
010000000
101101100
010000000
111110100
001111100
010101110
001000010
000000010
101011111
101001100
101111100
011010100
001000010
110101000
101101111
101001100
001001000
010001000
101001100
110011010
011111100
010111110
111101011
111110100
010100110
010000000
111111011
001000010
000111100
101001100
110011110
011100101
100111000
010010001
010010100
101001101
111101010
001000010
010101110
010101110
010011010
110101011
010000000
101011101
101001101
010000000
010100110
101101100
101001100
001010010
010101100
010101110
101001100
001101011
100111010
011100001
111001011
111110000
101100100
110000100
001000010
010110100
010000000
000101010
010000000
101101100
111110100
111110100
011001000
101111101
110100110
110111001
010101000
001000011
100111000
001000010
111110100
010000000
011101010
111110100
011101011
000010010
110100000
110111000
001101011
110111000
110111100
010000000
001100010
010101100
100101011
111100011
000000000
101000010
001000010
101100100
111111001
001000000
111110000
101101001
010001000
101000100
111000000
010000000
111101011
101001100
010110100
000111100
001000010
000101110
011000010
111110010
010101110
101001100
110110011
010011100
110111001
110111100
110111000
110111000
110001100
010111100
001000010
111110101
111110100
000010000
001000010
111001011
010011101
110000100
101001100
010000001
110110000
001100010
000111100
010000000
010011000
011000000
010101110
010000000
111110100
011000000
110101011
001001100
010001100
001000011
011101011
010111100
101001100
010100000
111110100
111110101
101101001
111101011
100110000
110101100
010101110
111101011
001101100
101001100
001001110
111110101
111101011
010110100
000111001
010111100
111110100
010101100
001000001
001000010
010000000
000000011
010111000
101011100
001000010
010101100
010101110
000111110
111100100
101101100
010111100
010111100
010001000
100001000
001011110
101101100
010000000
011000000
101001100
011101100
111000001
010111100
111110100
010111010
110000000
001100010
011000010
011110110
011111100
010111101
010000000
110101110
010000000
111110000
010101111
010001110
010111100
101001100
010000000
111111011
111011100
110011000
010111100
010101110
000101100
111110110
010000000
010101100
011101100
111110100
101110100
001000010
010110100
111010110
110111000
010010000
101001110
101011101
010101110
111101111
110111000
111101010
111110100
110111000
010111100
111110100
110111000
110111000
101101011
010010000
100111010
001001100
111110100
010101110
000111100
010000000
010001110
001100010
010000001
010000000
101001100
010010000
110110000
001000100
111111000
011000010
010001000
101011100
111101011
010000000
010001110
010000100
111010100
101001100
111100011
110111000
000100010
111010100
111111100
010000000
110110000
101000010
010000000
001010011
111110000
100101000
100001001
101000010
010000000
001000010
010001100
011111100
101001100
011000010
001000010
100111000
010000000
010111000
001000010
011110100
110111000
101001100
101000100
111110110
111010100
100001100
010110100
010101110
010000010
010111000
010001000
111101011
110101000
010000000
111101111
010000000
111110101
010111100
000110100
011111000
101110100
010000000
110111000
010101101
010111110
111111011
110101110
010111100
111110000
010101110
110111100
010101111
111100111
101110100
011000000
111110011
101000100
001000010
010101100
001001010
101001100
110011000
111101011
110101101
101010100
111101011
111101010
001100000
111111100
011111101
110000000
101000100
101001000
001010000
101001110
011101111
111001100
001000010
110111110
010111100
110111000
111010100
101101101
111001100
110101011
011110000
010101111
010111100
111110100
010001000
111000010
010100000
110000000
001000010
110101111
110111000
111001011
101101011
111101010
101001001
001010110
001000010
110111000
101001011
010010000
111110100
101001100
111100110
110001000
110101100
110011000
111100011
010111100
001011000
110101000
101101100
111110100
010101110
010111000
010011111
010111100
010111010
010101110
111101011
110111000
101001100
000101110
010101100
101001011
010010000
111100100
110111001
110011000
110000000
010010000
110111001
101001100
101001000
101001000
001000010
010111100
111110100
111101111
001010010
111100100
111000100
011101011
111011011
110010000
100001100
011000000
111011000
101001100
001001010
011110100
111110100
010101110
010101110
110111010
111110100
111111100
001000000
001011010
111101011
110001000
001000010
111001011
101001101
010000000
010010100
010111100
010101110
001000010
010000110
111110100
010101111
010000000
111110100
000100010
111110111
010000000
010111110
111101011
110111000
100111110
011111100
011100110
011000000
111110000
001000110
010000000
010000000
101101100
001001010
101111000
110111100
110111000
101001000
011101110
010000010
001000010
111101011
001000010
001100010
001000010
110111000
001000010
010101100
010000010
010110000
010111100
001011100
111101001
110111100
010111100
101000010
010100110
010101110
111110100
110101110
111101010
010111000
000111100
001000010
101101100
001000000
110111100
111100011
111000100
010111110
110111100
110110001
111010100
111101011
010101110
010111110
010101110
010111100
111111000
001000010
010000001
011111100
010000000
010101110
000000000
100001110
101110000
110110100
001000010
111110100
111111000
010100110
001101110
111110100
100111000
110111010
101001100
010101111
011100100
110101000
011101011
111000100
010000000
111101011
010010000
010000000
100111000
010100110
111110100
101001100
111110110
011001111
101001000
101001101
111110100
010101101
111100011
100001100
111011010
010110100
010110000
000000000
010111100
100101000
111111000
110110011
010000000
110111100
011111111
001000010
101001110
100101000
001000010
101000100
111110100
010111100
010111000
111111100
000100100
010011100
010111100
001001000
010111100
010111000
111101011
010101110
010100110
010011101
001001010
011101010
111100011
001000010
010000000
111110100
010000000
010101110
111110101
111101011
011000000
110111000
101000010
111001100
010111100
110001000
001000010
001000010
010111100
100001100
101101011
110111001
000000010
110111000
110011010
011101011
100110000
101000010
100010010
110111000
000111100
111010100
101001100
111111100
010101100
010111100
010111000
101001100
111110101
000000000
110111000
011101110
010000000
101001100
110111000
010110100
010111000
010000000
011110110
010000000
111001011
010101110
111110000
001000010
000111100
000101100
010110100
010000000
101000100
010111110
010111110
111100011
111110100
110000000
010101111
101001101
101001110
011011000
101111000
110111100
001000010
010000000
111110011
100111000
110111000
110111000
100011100
001001100
110111100
111101011
001000110
001000110
111110000
001100000
010111101
001010010
001000010
001000010
010110100
001111010
111110100
111001100
111110100
110011010
111001011
110101000
010000000
101001000
000101111
101001100
001000110
001000010
010111101
010101100
111100100
101101110
010000000
011101110
111001100
111110100
001000010
011101110
010101111
110001100
010111100
111101011
110011000
000101000
010000000
111101011
001010011
110110100
100001100
111110100
001010010
011000000
010101110
011000010
010101100
111101110
010111100
101011100
101001100
110111000
111100100
010000010
010101111
010111000
010111100
101001100
111001100
100001100
111001111
101000010
111110100
010101000
001000010
010111010
110011100
110111000
111001011
011110100
110101011
010101110
110111000
001000110
111110010
110111000
110111000
101001100
111110100
111100100
100111100
111000000
001000110
101001000
101001100
110011000
110001101
001000010
010111100
110111000
101001100
111111001
111101011
111110110
110111000
001000010
101001100
010111100
110101000
001000010
101001100
011100010
010101110
101001100
010101110
001000011
001000011
111110100
010101110
010110100
010110100
010101000
111101011
110111100
011100011
111100000
011111011
010111000
010101110
110101000
111110100
110111000
010000000
001000011
010111110
001001110
000010000
000111100
010111100
000000000
110101011
010111100
101001000
111110100
110111010
110111100
010101010
010110100
010111001
010110100
110111000
110101010
010111100
101101100
111101001
100000000
000010110
010101110
011100010
110110100
010000000
010000000
001000010
010000000
111101011
110101100
010110100
111101000
010111100
110101011
110111000
101011101
101101011
111010100
010111110
000011101
010001110
010000100
110111000
010101110
111100100
111101011
010101110
010001001
010010000
111111011
101001100
110111100
101001100
101001100
000000010
010000000
111010100
101101011
101001100
001110000
101001100
110101110
000000110
001000010
101001100
100001100
010101100
101101111
111110100
110111100
111101011
001100000
010111110
101000011
110111010
111101000
001010010
010101110
010000000
000000010
101001100
011111011
010101110
010001011
000111100
010101111
101001001
110110000
111110100
011101010
010111100
111110101
111110100
111011000
010111100
000011111
000010010
010111101
111010000
100001100
000000010
111010100
001000010
010000000
000000010
000101110
101101011
010000000
011111110
111110100
111101001
100101110
010010000
000001110
111101011
010101110
110101001
111101110
111101011
101101010
010111100
110101000
010110100
111000100
101110000
001000100
010100000
101000111
011001010
110111000
110110100
111101001
101001110
111110100
110101011
111110100
111100100
010111110
111110100
110111011
111101111
110111000
001000010
111111011
010000000
010000100
010000000
101001100
011000010
110111001
110101110
111111011
001000010
010101000
111110100
110000000
010101000
111010100
011110010
001001010
001000010
111010100
001000010
011101011
010110001
110110100
110111000
010101110
010101110
001000000
010011010
010101110
001000011
001000010
010101100
010111100
110011001
111101011
011111100
110101110
111100010
010110100
111100011
010110110
111110100
110111000
010101100
011000010
010000000
001100010
010011100
111101011
111100100
111101001
001000010
111011100
010011100
010101110
010101100
010111100
111110100
101001100
001000010
010101110
110011000
010001000
000000000
110110000
010111100
101001100
101001100
101001100
100111000
000101110
111110100
110101100
111101011
010000111
101001100
100111101
001000000
011101011
100000010
111101011
000000010
110100011
110111010
111110000
111100100
000000010
001010110
010000010
001100010
010101100
110110000
011001100
001000010
011101111
110111000
010101110
101110100
001000010
010111110
011000000
010011100
101001000
111101011
101001110
000111100
001001010
010101110
010000000
001100010
010101010
010000000
010000000
101101100
000100110
111001010
111100011
001000010
101000100
111101001
110110100
111111010
110111000
001000010
110101011
011100010
101000100
110001000
111110100
101001101
101001100
010100110
111101011
010000000
110001000
001000010
101001100
010101010
101001100
110111100
001000110
001000010
010010010
010111100
001000010
010111100
110111000
010101110
010101100
111101011
000111101
111101011
010101100
111101111
010111100
010111000
110111000
001100011
111100011
110111000
110111000
010000000
101101011
010111100
000100110
001000000
011000110
111101111
110111000
001000110
110011000
110111100
000101011
010000000
010111100
110111000
010000000
010101010
000111100
010000000
001001010
010101110
111010100
010000000
100001100
111110100
001000010
010111110
111101110
110111000
110111001
111110100
011101011
010111100
010001010
101001100
010101111
110111000
101011000
111111100
110110100
101110100
101100010
010000001
011100110
110011100
011101011
111001011
101110100
111111100
111001100
110111000
111010100
001100100
010111100
010100010
110111000
101001100
110111000
101000010
111110100
010111100
010101110
010101100
110100010
110011000
010111011
011111100
010101110
110101011
101000100
101110100
111100011
011101001
010100000
101001000
010011110
110000000
010101110
010010000
111100100
110111000
111110000
101101011
111111000
101001100
111110100
111101011
010000000
110111010
010110100
010110100
101001100
010101110
000111100
001000010
010000000
111110101
011100000
010100110
111110100
101110100
101101011
101001100
010101111
101001100
010110100
111101010
001000010
000111101
001000010
001110010
110110100
010000000
010000000
000111110
111111101
010111011
111000111
111101001
010000000
010111101
110111000
001000011
110011000
010101101
110101100
111100100
111010100
111100100
010111100
100001100
110110100
110111000
111110000
110011100
110111000
010101110
111110100
010111000
001000010
110111100
000010000
110111000
100001100
010111001
101001100
111110100
111010101
111001011
010111100
010110100
101001100
110111010
011110100
010101100
001001110
001000111
101001000
101001100
111101011
001000010
101101101
111110100
001001101
010111100
111101011
010111100
001000010
010111100
010000101
111111111
101001100
011100000
101011100
100001101
001000010
111111111
110011100
111110000
001000010
111101011
110111100
010011100
101000100
010110101
011101011
111110110
010010100
110110110
111101011
010101100
101011100
111111011
110111000
110111000
000110101
100001100
010101110
010101100
010101110
010101100
010111100
101000100
010101100
001000010
111101011
111101011
110000000
101100111
111110110
010001000
111101011
010000000
001000010
001000010
110111000
110110100
000111110
100111000
010111000
101001100
101001110
111101011
010001000
110111000
101000000
010111100
110110000
010101101
001111001
110111000
010111100
010111101
010111010
010111100
010011101
010000001
110011000
110110000
101001100
001000010
111110101
111101010
101001000
111101100
010010000
111101011
010111100
110111000
111111100
111101011
110101110
110111000
110110100
101001110
001001100
010101110
001001110
111110100
110111001
111110100
011111100
000000010
011010000
101001110
111000110
101000010
010101110
111101011
010100011
110101111
101001100
111101011
010110100
001000010
010111100
111001100
111111100
101001011
010001110
011010110
111000010
101000010
111101011
010111110
111110001
010000000
110101000
110011110
101001100
000000101
010101100
010110100
111010100
100111010
010101100
010000000
001000010
011100111
001010010
010111100
101001010
010011100
001000010
110110000
111101011
101001100
110111000
010101111
101001100
000000010
100111000
111101011
011110110
010111110
011101011
011110100
110111000
110111100
010111110
101001110
111101111
111101011
000101100
111101011
110011010
111101011
111110000
000011100
111010100
101001100
001000010
101001000
110000000
110011100
101000010
110111000
101000111
010101110
111110100
110111100
111101011
101001100
011000000
101101011
101000011
010101110
001000011
011101011
001101100
101101100
101001000
010010000
001000110
110011001
111001100
010100000
001010010
110111100
010111010
010101100
001000010
010111100
111001001
001000010
110111000
010101110
101111100
110111000
010111100
010000001
110111000
010101100
111111000
010101110
010111100
010101100
111110100
011001011
111111000
100111000
101001000
101001100
010001000
101001100
010000000
111101011
010000000
010101110
011101110
010101110
101001100
010101010
010000100
010000000
101001100
111101011
111101011
111010100
001001010
001000010
110111000
011000010
110011000
111101100
110011000
010000000
000000000
111110100
010011100
010101110
111001011
011111100
010111110
111101011
110111000
001000010
000000000
111000011
101101011
001000000
101001100
001000010
010000000
010101110
010101110
010101110
111010100
110110110
010111100
110000001
010101010
111101011
001101010
010101110
010000000
110111100
001110100
111101011
010111010
110111001
111110100
010110001
000000000
111101011
111101011
110101000
011000000
010101101
011010000
010101010
010101010
110111000
111110100
010000001
101001100
010101110
110111000
010000000
111110100
111010100
010110100
111110100
111001100
101000100
011100100
010110100
010111110
011100010
110111010
101001100
010101110
001000010
010000000
101001100
101001100
010000000
110101010
111100011
010101110
010011110
111101011
010111100
101110100
010111100
110000000
010111101
000111100
110111000
110001000
010111100
010101110
010111100
001000010
010011100
010101110
101001101
110110101
111101011
100110000
010010000
011100100
101001100
010101110
001000010
010000010
101001100
001001100
000000000
010111110
110111101
101001100
010111100
110111000
101001100
101110100
011101110
110111000
111101011
111111100
010101110
101010100
010110100
110111000
111110100
010010000
010000000
110111000
111101011
111111000
001000010
010000000
111110100
110101100
101001000
010000000
111110100
111101010
101001100
111101011
101001100
101000100
110111100
101000100
101011100
000000010
001110100
101001100
010100110
110011001
101011100
100001100
001000000
010101000
010001000
010101110
111101011
010011100
010101110
111011001
111101011
000000010
111001011
010001100
111101011
011111000
010101110
000010000
000111000
010000000
110110101
010111100
011111000
111111011
011001101
010011100
111101001
011110100
001001100
101001100
101110100
010101110
001001100
111110100
101101011
010111100
001000110
110111000
110110110
010111100
111110100
010100111
100101110
010101110
001000010
111110100
010111100
011011000
010101100
001000010
101000100
011110100
010101110
010101000
110111111
111110101
111101011
111010000
010000000
111101011
010111100
110101110
010111101
010111000
111110100
010000100
010000001
001000010
110111101
001000010
011111100
110011000
010000000
010000101
110111000
010001110
000000110
010000000
110000010
010111010
010101110
010000010
010100000
100001110
011110100
111111100
101101011
110111000
100101110
010111100
010101110
010101100
110111000
000110100
101101011
011000010
100111000
000100110
101110100
101001100
111110100
111101100
111010100
001000010
110101000
001000010
110001110
111110100
010000000
011000000
110111000
111111011
000101110
110111100
010000000
111111100
010000000
010101100
010101110
010000000
001000010
011011100
111101011
010101111
010001110
110110000
101000010
011101110
110110100
011101110
111101011
111110110
111001100
001000010
110110110
011111100
010111110
111110101
111110100
001101100
010111100
001000010
101100101
001010010
111110100
011100110
010000001
110000000
101001100
111111000
110000000
101001100
010110110
011101100
001000100
010000000
101110000
010000000
111110000
010110100
111110100
001101100
101001100
010000000
001100111
010000000
010101110
111001001
111101011
010101110
001000010
110111010
101001100
010101100
010111100
011101011
101011010
101001100
001001110
100111100
111111011
010000000
101000010
010101110
010111100
101001101
110111001
011110100
010111100
111101111
111111111
110111001
011000000
101001100
100011000
111111111
111100011
110000000
111111011
001000000
010111100
010011001
101001100
011110110
001000010
010000100
101001100
011110000
011000000
101101011
110111000
010000000
001000110
111100111
111110100
110110110
010101110
010111110
001001010
101001100
100001100
101001100
111101011
110111000
010100000
001000000
101101100
001000010
100000100
001100010
101000010
111110101
100011010
011000010
110111000
010101110
010111100
111111011
010000000
110111000
000000010
111110100
000100010
101001100
000101110
110110100
111110100
111110000
111010100
110101100
010101110
001110000
110001100
010111110
011100110
001000010
001001010
010111100
010101110
111101111
010101110
110111000
101101011
100111000
100000100
111101110
010101100
110011000
110111010
111101011
111111000
101111000
111001100
111000101
010100000
111001101
010000000
010101111
000100110
110111000
111101011
001001111
010101110
101001100
001000010
011000011
010101110
000010000
101101100
100011100
111001100
010110100
010111000
110011000
111110010
010011000
010101110
001101100
111001011
001001010
111001011
010111000
000111100
001000110
011000010
111110100
010101010
101000110
010000000
111110100
010111100
010111001
110111010
101000100
010000000
010111010
111010100
001000000
101001100
001001010
010110100
010101100
111100011
111110101
110111001
101110100
010111100
111111000
111101011
010101100
100001100
011000001
001000010
110111000
111101001
010000000
010000000
111111000
111101011
001000010
111100100
010010000
111110110
010101110
110101000
001010101
010100110
110110000
101101100
111101010
111010010
101001100
001111001
110011100
110111100
110001000
010001000
001001001
001011110
000010010
001010010
111110100
001000010
010101010
110111000
010001110
010101110
110000000
001000010
010101110
110111001
110101010
111010100
101010110
110110100
110111110
111010100
001000010
111001101
110000000
010000000
010110100
110111000
110111000
011111011
110111000
111001100
000100010
101100010
010000000
010111100
110111000
111110100
111110101
001000000
010111100
101101010
010110100
110111000
011000000
010101010
011000010
010100110
010101010
010111000
001000010
110111000
011000010
011001011
010111100
111110100
111100111
000001000
111101010
111110100
101001100
010111000
111111000
010110000
111110100
111101011
010000010
100000101
010000001
101101011
001000011
111100100
011000010
001000010
000101100
000001110
001000010
111101011
001001000
110111000
111101100
110111000
010000000
101001011
010111100
101001100
111101111
010011101
101011100
000000000
110111000
010000000
010101110
111001011
111001011
010111100
110100000
110011000
001101010
010000001
010001000
011111110
111110100
111001011
010101111
010000000
011101110
011101111
000000001
110111100
010101110
111101111
110001110
010111100
111101011
010000000
000000110
110111000
001000010
110111100
010111110
010100110
010110100
111111010
001000011
010111100
111110100
010000010
111110100
110111000
000101110
101101100
010100100
010011010
110111000
110101011
010100000
110111001
110111000
111101011
010111100
101001100
110101010
110111000
110000100
000000010
010000000
101001100
111110100
111100011
101110100
111101011
110101100
100111100
000000010
101111001
010101110
010000000
110011100
010000000
110111000
110010000
101001010
001000010
110000100
111011010
010000000
111001010
000100000
111101011
010101110
101001100
010111100
110010000
000101110
110000000
110101110
010111100
010111100
010111000
111101011
110111000
010011000
111110100
010111100
001011000
001011100
010101110
001100010
111110100
010011110
010101110
101011010
010011000
010001011
001000010
101001100
010000000
111111100
111101011
100111000
111101010
101000100
010101010
011111100
111111001
010111110
010111100
001000010
110100011
111110110
101010010
111001011
111110100
010000000
111111100
110111010
010101110
010101110
111110100
111101111
110111100
111001101
111101001
001000010
011000000
010000000
111110100
010000000
111101011
101000000
001000011
111101011
101001110
101000100
010101110
010111110
111101011
011100010
010101110
010101110
111111101
101011100
101001100
111111011
111111100
001000010
010111100
111000100
100111010
101001100
010101010
110000000
110110000
101001100
110111000
011101011
110111000
110001100
111100100
101110100
011110100
010100110
101001110
000111100
010000000
010111100
110111100
111101011
111101110
011111100
111101011
010111000
010001110
110111000
001000010
