111111100
010111001
111101011
010000000
111001100
101001110
110111101
011101110
010111110
010111110
010000000
101001000
111110100
011000000
011000100
000011100
010101110
000000010
011111100
110111000
111100010
111001011
101001100
111101011
110101011
111001000
010000000
010111100
110000000
010111100
010000001
100110100
111101011
110111000
010000000
010111100
000000010
010111100
010111101
010000000
110111010
000111110
001000010
110000000
101001100
010100001
110011000
001000010
110101011
111110010
111110101
111101011
101101100
111101011
010101100
111110100
101101100
011101110
111110100
110101000
110000010
010111110
001000010
010101110
011111101
001000010
010000000
110111000
010101111
101001100
111110100
111101011
101001100
110001110
010111100
010100000
001010000
101010110
001100010
011011100
001000010
110111000
010101110
010110110
110111000
010000000
001000010
010110110
010110100
111110010
010000000
010100000
101110100
011001010
001000010
100001100
111000100
111101101
010101110
010111100
010110100
110111000
110101110
110111000
111101011
111110100
111001100
010000000
001001110
001010010
001000010
111110100
110111001
001100010
111101011
010111100
110001010
011110100
111100101
101001100
010100011
110101000
001010100
101101011
100111000
010101110
011000010
111101011
110111000
001000010
010111000
111101001
110111000
111101011
010101110
111110100
111111100
001000110
111001100
010110100
010001000
110111001
101110100
011101100
111101011
111101011
111100100
110111101
000101100
001000010
010111110
010101110
001001100
110111000
110100100
111110100
111111000
111101011
110111000
010111101
001000110
101000100
111110100
010001000
101101000
011000010
110111010
101001100
001000010
011111101
011110100
011000110
110011000
010101110
101001100
010111100
010111100
010111100
101001100
001000110
101101100
010000011
110100000
110110000
001001100
111101011
001000110
010111111
011000010
001000010
111100011
000001000
001001101
100001100
110101010
100001000
111110101
100011000
111111001
010000000
101001101
011101110
010111100
010111100
110111000
000000110
010101000
101001100
010111100
010101110
111001100
110111000
111100011
110010100
010101110
110111000
111101010
010111100
101001100
110111001
011110100
010110110
101101011
111111011
110111000
010000101
110111110
001010010
110101110
101001100
101001100
110101100
110101011
010101110
111110100
000000010
010000001
101010100
110101011
001010010
110111000
110110001
010101010
101000110
111101011
010000000
101000111
010000000
010101100
000100010
111101010
010111101
111110100
111110100
010000000
001000010
101001100
010001111
101000000
100101000
110110101
000000011
000101101
110111100
111010100
111101011
111101001
010000000
111110101
110111000
010111100
010111100
111111000
010101110
110111000
110011001
101001100
111101011
010010100
101001100
010000000
010010000
101001100
001000010
111110100
001100000
001000010
010000101
111111011
101001100
101001001
101001100
010101110
010101100
001000010
101101100
111110100
111110100
010111010
111101001
010000000
000000000
010100110
111001110
010101110
100001101
110011000
110111110
011010000
011111000
010101110
010110100
010000000
010111100
001001100
010110101
110111000
111101001
011010010
111010100
110111000
000101110
011000000
010000001
001100010
010111101
011010000
111001100
000111100
110111000
001000010
111001100
010111000
101000100
111101010
111101011
010100000
010101110
001000010
010100110
010000000
010101000
111101011
101000010
111110100
111110100
101101111
011101100
010110100
110111010
101001100
101001100
100111000
101001000
111010000
000101110
001000110
010101100
000000100
010111110
010000000
111001111
001001010
010000000
101001101
010101110
111110100
010001000
010111000
001000010
110111000
100001100
010110100
010011000
011101110
010101111
111110000
010000000
101001110
110011000
111111100
001000010
010000100
110111001
001100010
010001000
110111100
100001100
010111100
111001011
011001110
110000101
010000000
101001100
010001000
110111000
001000011
000101111
010101110
101011100
110000000
001000010
100001100
110111000
010101110
001000010
101000010
010000000
000100010
110111000
010111100
001000010
101001100
101001100
110111000
010111000
010101111
001000110
110011000
110110000
011000110
111110100
001010010
101001100
101001100
001001100
111111011
110111000
111101011
010101110
010101110
111001011
000000000
111101011
010000000
111101110
110111100
110110100
110111000
111100100
110111000
111001011
101001100
101011110
011000000
010010000
101101011
001000010
111110100
110111000
101000100
111001011
010000001
010000000
111110100
110111100
011111100
001000010
110101110
111110100
000010010
111010100
111001011
111110010
111110101
001000010
101101100
100000010
010000000
010111100
010101110
111101011
101000100
010101110
101001100
010111100
101001100
110111000
111110100
010000001
001000010
101001100
111101011
010101111
111001011
111101111
011101010
010000000
010000000
010000101
100111000
001000010
111101111
001001010
010111101
111110000
001000010
101100010
101110100
101011101
101000100
001001100
111000100
000000000
111110100
111010100
111101001
111110000
010100100
010101110
010101010
010000000
101001100
110011000
000101010
101101011
111010100
111110100
111110100
111001010
010111000
110111000
101000100
001000010
010110110
110111110
000000000
010000000
110010100
101101011
111100100
000111100
111001100
001000010
111111001
100000000
011100000
010011100
001000000
111110000
110111110
010000000
101001100
001101011
010000000
001000100
111101011
101010100
000000010
001000010
001001100
101000000
010101110
001000010
011101111
101001100
000101100
101101110
111010111
001000010
001000010
001000110
010001010
111100100
010101110
001100010
110111010
101101101
110111000
111110100
111101001
110111000
010000000
111110011
110111000
010101111
111101011
010000000
010110100
010111110
111111000
010000000
111110110
100001101
010100000
110110000
111110100
001000010
111111010
111011100
001000010
111101111
010111000
010010100
010111100
010111100
101101010
110110100
101000100
111001100
010111100
001001100
010000000
101001100
010101110
111010100
010101000
101001100
001000010
111001100
101001000
010100100
110101011
011101011
111101011
110111000
111110100
111110100
001000010
010100110
001100010
010101110
101011100
010000000
010111000
001000010
000001110
111010100
001000000
000001110
101001101
111110100
110111000
010000000
111110100
000000001
111101011
010111110
001101111
010000000
111110100
001000010
010101010
111101011
101000100
111101011
010000000
111111110
100111000
010111101
000000000
010110101
111110100
001000010
010101111
010000010
010010000
010111100
100001100
101111011
001000010
001100110
111111100
111111001
110101101
111101011
001000010
110101101
101101100
010111100
010101010
000111100
111101001
010101001
011110000
101001100
001000010
010101110
011101011
001001010
111101011
010000010
110110100
010100001
011111100
111101011
111111000
111110100
011000000
110111000
110111000
010000000
110011100
101101100
010111000
010101111
010101100
101000011
111110100
010111100
111001011
101001011
100110100
011000010
001000010
111111100
010010000
010111000
001000010
111101001
010100110
101001100
111101011
010010010
110110100
001101100
110111000
111111011
111001100
101011100
111101001
011111101
010101110
000111100
110101011
010111110
010000000
001000010
010001110
101101011
101001100
111100011
111001100
010101110
111110100
101001100
010101110
101001000
111111100
111101011
110111000
111101011
101001100
111101011
001000011
010000000
001001010
111101011
011111100
111111110
001110011
001100110
010000000
001000010
111101011
010101110
010010010
111110100
111101011
011101001
010111110
111101011
010111100
010110100
001001100
010111010
000100000
001100010
001000010
011000100
010101110
101001100
101100100
110110100
111111100
101101011
001000010
010111101
111101011
101011100
111110100
101001000
001000010
001000010
001000010
011110100
001100010
001001010
110111000
110110100
111110001
001000100
111001110
000101110
101001100
101001100
001000010
111110100
111100101
111101011
101001100
001001100
111110000
101000100
010101010
001000111
010010001
101001100
011000011
101000100
111110100
010100000
101001100
010000000
000000010
111110100
010101100
010000000
011111100
111110100
111101011
110111000
011000110
101111100
111101010
101001100
100111000
010000000
111001100
100111000
010010100
010101110
100000000
010111100
000110010
010111000
011101110
010101110
010101110
010111110
111101001
010000000
111111000
110001000
010000001
111111011
010000000
001000000
111101011
011000000
010101110
010000000
110000000
010110000
010111100
110111000
010000100
111101011
101011100
101001101
011101011
010111100
010110100
100111000
010111100
110101000
100101010
010000100
010000000
011111100
011111100
111110100
010000000
010111100
111111100
001000010
011101010
111110100
111101001
010000000
101101010
000111000
111110101
110011010
111110100
101001100
010101110
100000000
111101011
110111000
111100010
010100110
000000101
111101011
010101010
010111100
101110100
001000110
110111000
000111100
010111100
101000100
000101110
111101011
000000010
110010000
001000010
101001000
010111100
010000100
010001111
110101110
110111100
111000001
111001100
001001100
101001100
110111000
111101011
010101110
111110100
001000010
010111001
010101000
111111011
010111000
110111000
010000000
111001100
111111100
010111100
010111100
010000000
010111110
010001010
111111100
101001100
001000010
011010010
101001100
000101110
010000000
011101110
001000010
101000100
010111100
001010010
111101010
010101010
001000000
101001100
101001100
101010100
111111010
001000010
111110101
111001110
011000010
010111110
001000010
010000000
110101110
010101110
011100110
010000000
111101001
010111100
111111011
111111010
000110100
001111001
111001011
010000000
111100011
011000010
110111000
111110100
111101010
110111000
010101110
001000010
101110101
101001100
111110100
010111100
110101010
010111100
101101011
010000000
001101010
110110010
011100000
001101010
010101110
101110100
010111101
011110100
010000000
011000000
111101011
111101011
011100000
000111100
110111001
010001001
110101011
110101000
001000000
010111100
110111100
110101111
001000010
000000010
011000010
000111100
111101111
010111000
010111100
011101100
111010111
110101111
111110000
101001100
010000000
011110000
001001110
110111000
110010000
010101110
010111110
011111101
100111000
111110100
010000010
010000000
111101001
110111000
110111100
110011000
110111000
010111100
100001100
101001100
001010010
111110110
111100011
111000011
010101111
110001000
010110100
111001110
000100110
110111000
010011000
111110100
111110110
101001100
000000000
101001101
010111100
111110100
111001110
101101011
111010010
101001100
010101110
011101110
010101110
001000000
001000010
111111100
010001110
011111010
010111100
010001000
001010010
111110100
000000010
011101011
101101011
111001100
001100000
111010101
101001100
010010000
111101001
010000000
011111100
110111000
011001000
110001100
010000000
010101110
010101110
100001110
111110011
110111000
111111011
010101100
010000000
111101011
010000001
001000010
110011111
111101011
110111000
110111100
111111010
101001100
111110100
010101100
010101110
001000010
010111001
110010001
110101000
110111000
010111100
010111100
110111000
001001010
111101011
010101100
010000000
011000110
111101010
110111000
010000000
010000000
101101011
010101000
100001110
110111000
010111001
010111000
010000000
011101110
010000100
010111000
111110000
111100001
010000000
101000000
111101111
111100011
110101110
101100010
010111100
101001110
101001101
111010100
110111010
111100011
001000011
111111000
110111000
111101011
010111000
111110110
111000001
010101110
000111100
010111000
110101011
111101001
010111110
000000001
010111101
010111100
110111000
001000100
010000000
101001100
110000110
001000010
010100000
110111000
010101100
010110100
111110100
010101110
010111100
111101011
100111000
111101111
010000000
101001100
011101011
110111000
110000000
110111100
001000010
111110100
001000110
010101110
010010100
111001100
010011100
010011100
110111110
001000000
010100100
010000110
111101011
111101111
100001110
111001100
101101001
111100110
001000010
010101110
101001100
001100011
000000000
101001100
111110100
010111000
010001000
010111100
010101110
010111110
110111010
101000010
111100100
010101110
111111010
010101110
011101100
110101100
111101001
110111000
101001100
110111000
010011000
010000000
010111100
001001010
110111100
111001100
111001100
010000000
111101011
000111100
011110100
010100010
111110100
010000001
011101010
111100100
111001110
010111100
111101110
111001100
100100001
111100000
111101011
111111000
101001100
010110100
010111101
110001110
001000010
001100010
011100001
101001101
111101011
001001100
110101110
110111000
010100000
110111010
000000010
110111010
010101010
101101100
010000000
111101011
001010110
101000000
010101110
010111101
101000010
110111000
110101000
001000010
110111000
100000001
111110100
001000000
111001010
010111000
011101110
010000000
000011000
000000010
010101110
111110100
101001100
111101011
010001000
010000000
100001100
111010110
010010000
011000010
010111000
010101110
110111100
110000000
101111100
011001001
110111111
111101011
001000011
101101011
111110100
110111010
001001010
111110100
101001100
111101011
001000010
010000000
010101100
101001100
101110100
010100110
111101011
111101011
110110101
000111100
011100010
110111100
111110000
111110100
010111110
000000010
010000000
010111000
110101011
010110100
111100011
010101011
101001100
010100000
010111110
111010110
101011001
111101010
011111100
101001110
001001010
010111110
111110100
011101011
110111000
010111100
110111000
001000011
001000010
001000010
010111100
110111001
000000100
111111011
010000000
111101011
010000000
111101011
110111000
010000000
011000001
010111100
111110110
010111100
010100000
010110000
101001100
110110101
101101000
111110100
101001101
111100010
100101000
010000000
010101110
101010100
101001100
001000000
000111101
101000110
111101111
110111000
010111110
110011000
001001010
100000010
101011101
111100001
110111001
111100011
011101010
110110100
111101011
110110100
010101110
010111100
101001100
111110000
100000000
111110100
001100010
010000000
001001100
111000100
111001100
010111100
100001100
111101011
001000010
001000010
010111111
110111000
110111000
110101011
110111000
011101011
100001100
001001100
110111000
010111100
001010010
110110101
001000010
011000000
010101110
110111001
001000010
111101011
110111000
001100010
110111000
001000110
001000010
110011000
010111100
011000000
001000010
110111000
110000110
111110100
000010001
010111101
011100010
100010011
101001100
010101000
001000010
010111110
111100111
010101100
110000000
111110100
101001100
010101110
110111000
010000000
111111100
110111000
010101001
101001100
000100110
001000000
010111000
010111100
110101011
010000001
101001100
111101010
001000010
010111100
011111100
110111101
010000000
111110100
100001100
001000010
010001011
111101010
010011000
010111101
010000000
110111000
101001100
111110100
001000010
101011100
010000000
101011100
110111100
100111110
111001011
000000000
111101011
001000010
011000011
101001101
001000110
111111100
101000100
111110101
111101011
010101110
101100110
010001000
110111000
010110100
101001111
100100110
101001100
111100100
010111110
011100011
001000011
110111010
010101100
110111000
001000010
101001100
111010100
111101001
100000011
010000001
101100100
111101001
001000010
010000000
010101111
110111000
010111100
010101110
101111100
010111100
111101111
101001100
101001000
110111010
011100110
011101010
110111100
110111000
101101101
010000000
101001100
111110100
010000000
111101011
110001000
010101110
110001100
010000000
010111100
010101110
010011000
110110000
011101110
010001110
001111100
011000000
111101011
110111000
110111000
111111000
110111000
101000010
110111100
010111100
111110100
001001011
111101010
000000000
010000000
011101011
010111100
010111100
100111100
010101110
011000010
010101011
000000110
101001100
010100000
110000100
110111000
010101100
010111111
111101011
010100100
111110100
010101110
010011100
110110100
101001100
010000000
111110100
010111000
001000010
110110000
010101100
111111010
011111100
110111001
010101110
000101110
111101011
001000010
111101011
001010110
111110100
111101010
110011100
001001100
010101110
110111100
111101011
001000010
111110100
110101011
110101011
010111100
010111110
010111010
111010100
111110100
111011100
111110100
110111001
111100011
010001110
010110100
111111000
010000000
111100100
001000010
010101111
001000010
110011000
101001100
110111100
111101011
011000010
111110110
110111001
111001101
000111111
111101011
101110100
010001000
101011100
110101011
110111000
101001101
011110100
110001011
010101110
010111100
000101100
001000010
111110100
110111000
110110010
111001011
111101111
111101110
000000000
010101000
101101110
111101011
001000010
010101110
110111101
111101011
010000000
101111000
010101110
001100010
010111110
010001100
010111000
101001110
010000000
010000100
000000010
110111101
101011000
111110100
110111110
101000100
101001110
101000010
010111100
111101100
110100000
101001100
111101011
110110100
110111010
011100000
101101101
010111110
001000110
011101110
101000010
000000010
110111000
001100010
011000000
111110101
010111100
110111000
010101110
011101000
110011000
010100110
110111000
110101110
010010000
010010000
110101011
110111000
101001111
010100000
010111100
111101011
101001110
111110100
100001100
110111000
001000010
111010001
001010000
011101110
111110100
010001000
011101111
011000010
010101110
111110000
110111100
000010010
011101011
111111000
010000000
000000011
100111001
001111100
010011100
111111000
110111100
111110100
010111110
010100000
011001110
010100000
010100110
111101011
101000100
011110100
010111111
101101011
011010011
110111000
010000000
010111100
110111000
010101110
000111100
111111000
110111000
110111000
000000011
001000010
101001100
001000000
101001100
110111000
010111100
101011110
010101110
010101110
001000000
101001100
001000010
111101011
010000000
010000000
110001100
010110100
101000100
010000000
111110100
001000010
000111100
111001100
111110100
010101100
010111000
111101011
010101100
101011101
001000010
111100100
011000000
010111110
010111110
010101110
011101011
111110100
110111000
010101100
010100011
111110100
110111000
111110100
110110110
111101011
010100011
101001100
001000010
110110001
110111000
010101110
010100011
000000010
010101111
101001100
001000010
111110101
110101110
010000000
101001100
101000000
010000000
101000010
010111100
001000011
011000010
011001000
111101111
111101011
111110101
101101100
011001011
101001100
000000010
010010000
111110000
001000010
000101010
010000000
111000011
101001100
111110100
111101011
101000010
011110100
010000000
111001100
110110000
000101100
110011100
001000010
010101110
010101110
101001100
001000010
010000000
010110100
101001100
110101110
010100110
000000000
101001100
001000011
011010100
101001100
111100110
110111100
010000000
010000100
111101011
110111000
111101011
101000110
010000001
010101110
111110100
111101100
110111000
110111000
010101010
010111100
010011100
101001000
000001010
111000011
001000110
110101000
101001000
111101011
010101000
010111100
000100100
010101110
010000000
011101110
111100011
010000000
101001100
001100010
001000010
111001100
111010100
111101001
101011100
000111101
100110100
111001011
111100100
011000011
110111000
111010100
101000010
101101110
011111100
100001100
101111011
110111010
110110001
010000000
010101000
110011000
110110100
110111101
111110100
001001010
010101010
010101110
010111000
110000100
111101011
010000000
011101110
101001100
001000010
100111000
010000000
001000010
001000010
010111100
011101110
010000000
110111000
011101110
010101111
101011100
010101100
010101110
001000010
010101111
101001100
111101111
101000100
010000000
110000000
110111000
101001010
110111000
001000010
111111100
111110100
010101110
010000000
011101110
111110100
010001110
111110100
110111000
011101011
001000000
111110100
110111100
010101000
011100010
011110100
111110100
011001011
110111000
010111110
111110100
100111000
001100010
101001100
111110100
111110100
110001000
101101111
101110100
110010000
110000000
110111000
101001100
111010100
110111000
010000000
010101101
110111010
111101011
011111011
101001100
011110100
110111000
101101011
110111000
110101000
111110010
111101010
001000010
110000000
111111000
111101011
010110110
010111100
111101111
111101000
010101110
010111110
001010010
010111100
010000001
010100101
010011100
111000100
110101111
010111100
110111100
010111110
010101110
001000010
010000001
101001100
101001101
101001100
111100011
010111100
001000010
110111000
010111100
110011000
111101011
011110100
001000010
111001011
111110100
010101110
011000011
010000000
001000010
001000010
010000000
101000010
010101000
010000000
110111111
001001000
010100000
011000011
111100011
100011100
000010000
100101100
111110100
011110100
010001000
111110100
000101100
000111100
101101011
010111100
110101110
011101011
010011100
111111000
010000100
010101110
001000010
001000010
111101011
101001100
110101000
111110100
110111100
111101011
011110100
111101011
010011100
111100010
001000010
010111100
001000010
010101100
101101011
010101110
010000010
000000000
111101011
110111000
000111100
010000000
011101011
101000100
110010000
111110100
101111010
000000001
010110100
111001011
010000000
010111000
110011000
101001100
101001101
001000010
001000010
110101000
101001100
010110111
101001101
010101111
001011000
001000010
110000001
010101110
010111100
110111100
011001000
001101011
001101101
011111100
111101011
010111100
110111100
101111100
010111100
010101110
001000110
010000001
000000000
110000000
010100110
110000000
101011100
110011000
010101110
111101011
010111100
010111100
010111100
111101011
101000010
110111000
101110100
010101110
101110100
000101110
010100000
101010100
110010100
010111000
010111001
010101111
001000010
010000000
010110100
010110100
111110100
111101111
010000000
010000101
010101110
010000100
010110100
100111000
010101100
001000010
101001100
010111000
001000010
110110000
110111001
001000010
110111000
111101111
010000000
010000000
101001100
010000000
001011100
101000100
110111000
101001101
101011101
010111100
111111011
010111100
001000011
001000010
110101000
110110101
001000010
010000000
010001110
000110110
110111000
011101100
111101011
010101110
010001010
010111100
110111000
101011101
011110100
010000000
010000101
010101110
111101010
010110100
101001100
110111010
111110100
101001100
101001100
001000110
110101010
001000010
111011000
111111011
101001100
010101100
110111010
001000011
111001011
101001010
010010110
011000010
110110000
110111000
111001111
010101110
010101110
110100100
010101100
010101110
010111100
101001100
111101011
001000110
101101000
001101011
110101011
110101011
111101011
110111000
101101100
111100011
111101011
010000000
111001100
110111100
001000011
101001101
111110100
101001100
010101110
010001110
111111011
110100100
111101011
110111000
010000000
010000000
000101111
101001100
010101110
011000010
110111000
011100110
010010000
010000000
111101010
110111000
010101110
111110101
011101100
101101100
111101011
001000010
010000000
110000000
110111000
111110100
010100110
010000100
111110100
010111101
001000110
101100101
001100010
100001000
010000010
010110100
111101011
010000010
011001011
101101100
110101011
111110000
001000011
010101110
101001000
001100010
011100000
001000010
010101110
101010000
010111100
110111000
110111000
111101011
111110100
010101110
110111000
001000010
100011100
111100011
101101100
101001100
001000010
101001100
111010100
010000000
010110100
101001100
001000010
010111100
010111100
110011100
101001100
111110100
110100011
101001100
010000000
010111110
010111100
110111000
111110100
101001100
010111100
010100000
111111010
010001100
111111001
010000100
001000010
101111111
010111100
101011100
010101010
111010100
001000010
101001000
111011000
101101110
010111100
111110100
100101000
010111000
101001100
010111010
010111000
010111101
000111000
111110100
011111110
010010000
100111000
001000010
101110100
010011100
100001100
110111101
010101110
010110100
110111000
010101110
111001100
001000010
010101100
010111100
101000000
101001000
010111100
110111000
010001100
110110100
111001011
111110100
111100011
000101010
111010100
010000010
011101111
001111100
101101111
010101010
101001100
000111100
000000010
111010100
010000000
001000110
001000011
101001100
010000010
010101010
100001100
010111100
110111000
110110000
111110100
010111110
010111100
001010110
011000010
010110000
010100000
101001100
110111000
001000000
101101100
011111100
110000000
000011000
101000100
111110100
101111011
110111000
101001100
011111000
110111000
110111000
000001100
010000000
010101110
110111000
111110100
010111100
101001100
000001100
010000000
010000000
111101011
111101011
000000000
001000110
111010011
111110100
010111100
111010100
101011000
110111000
010111100
010101110
110111000
010111100
111101011
010111100
101001100
111010110
101001100
001000010
000000000
010111100
011100000
111110100
010011000
110111100
010111100
010001000
010001110
101001000
001000010
110000100
101001010
010001110
010111100
101101000
100001100
101011100
001000010
111100000
010010100
111111000
101101001
001001010
100101101
010101110
010111100
100000010
011000010
010111100
101110100
001000010
010000000
010111000
110111000
111101011
001000010
010111100
010111101
010000000
101001100
110111100
010101110
101010010
010000000
101000010
110111000
111101111
111101001
101001100
111010100
010111000
001000010
101000000
111101011
010101110
110111100
010000010
010000001
001000010
001000010
101001101
011111100
010111100
010101010
111001111
010001000
110110000
001000011
010000000
110001011
101010010
001000110
001000100
111110100
110101110
101101100
010111100
110111000
010000000
101000010
110011000
111101011
110111000
010000010
010000010
010101111
110111000
010000010
010111110
010000000
000101100
001001110
101001100
001000110
010000110
001000010
011001011
111101001
010111100
111110100
111011100
110101110
111001111
010101010
101001100
111101011
010000000
111110000
110101011
111101011
000100111
111110101
001010010
001010010
111101011
101001100
010000001
110110000
001000010
101001100
110111000
001000010
011101110
010111000
101001100
111101011
000011100
010111100
011101011
000000000
010111100
001000010
010111100
010000000
010101110
111110101
010011000
101001100
110000010
010001010
110111010
011101011
111110100
010011100
011000000
000000000
101101111
010111100
100000100
001010010
111110100
010111100
011100101
010000110
000000000
111101011
110111000
010101100
101101010
101101100
101001100
010000000
010101110
010001000
010000100
010100110
111001000
010111100
111110110
011111011
001001010
111110100
010101110
001000010
110111000
010101100
101000110
110111100
010111000
001000110
110111010
010100110
010000100
010101110
011101110
010011100
001000110
011011100
011000100
001000010
010101101
101001100
101001100
011111000
011011100
101001100
111101011
111110100
001000110
101111000
110011000
111110110
010101110
111101011
010111110
010000000
011101011
111101001
100111000
010101110
111101011
101101111
101111100
010111100
101001100
010101011
010000010
010111100
011001100
110111111
010101110
010000000
001000010
101001111
011000010
001001011
111101111
010111100
111111100
101011000
001111100
010000000
010111110
110111000
111110100
111101011
011010000
010101101
101001100
010101111
110110100
101001100
010110000
010101110
110111000
001000010
011111110
010000010
111010100
010000000
101001100
100001100
111110101
101000010
101001100
111111100
010101101
010001110
010111100
010000010
110111000
110111100
110101110
111111011
111110101
111100100
000000000
101100010
101011110
011110100
111101011
001000110
010000000
111110100
010101100
010000000
000101110
010111111
110111000
010001110
111110100
110111101
111111000
111110100
011110100
010111100
010000000
111101001
001000010
000100110
100001000
110111000
001001100
110011000
010000000
010100000
011000010
011110011
011001000
010011000
111101011
010111100
001000010
010000000
111100011
110101100
010101110
111110100
010111000
101001100
001000010
010101100
110111000
111110100
110111000
001000110
010010010
001000010
111111000
101110100
010111100
101001110
010000000
010111100
001000010
010000000
010100000
010111100
011111100
101000100
001001000
011110100
110111100
110110000
010010000
111101111
111110100
010000000
101001100
010101010
010111000
010101100
110010100
100001100
010000000
010011100
110111001
010100000
101001100
111100011
001000110
010000000
111110100
010100110
111111100
100010011
111110100
010111011
011111100
010111110
111110100
010000000
100001100
111110101
111101011
010111000
110111100
001001100
111000011
111100100
010000010
111100100
101001101
111101011
111110110
001010001
001000010
111111011
000000010
110111100
010000100
111100011
001000010
101001100
000000000
001000010
001000010
011110100
001010010
011110100
010101011
001001000
010111000
010110100
001001001
010111101
111101011
111110110
111110100
111111000
010111100
110010000
110110000
010101100
101001100
010000000
110111000
001010010
110011000
010000000
111011010
101101011
001000010
010000000
111110100
110111100
111110100
101101011
010101110
001000010
010101110
110101011
010000000
110101011
010101101
011111100
001000010
011110100
001000010
111101011
111110100
111110100
001000010
010001110
110111100
010111101
010000000
001000010
111010100
101001100
001000010
010111100
010001110
101001000
111110100
010111100
010000000
001100010
111110100
111110100
101001100
100111000
001001100
010101110
010111100
110101010
111100011
111010100
110111000
111011110
010111100
010010000
110111000
111110101
111010100
010101010
010111110
101001000
010110100
010000000
110101010
101001100
000000000
010101110
000101110
010000000
111111011
010111100
111110100
001100110
000000000
101001100
010011100
111100100
111001011
010000100
000111100
010101100
010111100
111101011
101001110
111111000
111110100
001000010
001000010
011111100
100001110
111100100
010101110
111010000
000101010
111110100
111110101
111010101
110011000
010100000
111110101
010110100
010110000
010111000
101001000
010101100
010111101
110111000
111111100
000101110
101100010
111111011
111111011
011000000
110111100
101001100
111010100
010101110
000000000
000111100
111101011
010010000
010111110
010000000
110111001
011110000
110111000
111100100
110111000
011101110
010111100
111110100
101110000
111001110
000000011
111000000
011101110
110111000
110111000
010110100
101101100
010111110
111101011
101100010
010101001
111101111
001000010
101101100
110101101
010100111
111101011
101001100
110010100
010000000
010111100
010011100
011111100
110111000
110110100
001000010
111110100
010001100
011000010
110101110
010111110
101001100
110110101
101001110
110011010
001101100
010100111
110111100
001000010
110111000
110001100
100001000
010101110
010110100
010111100
000010110
111101011
010000000
001000010
101001000
001000010
110111000
111110100
000001110
110110000
111101111
001000010
000101110
001001010
010101100
111101011
101010011
011000000
011000010
101001100
010101110
010101110
010111110
111111100
101001100
001000010
111110000
110111000
000101100
011100110
111110100
111110100
010101110
100001100
000000100
101101100
010101100
011101011
101001100
111111100
111110000
110111000
000000010
011000000
010000010
111110000
111101111
001000010
101001100
101001100
101000010
111101001
011000000
111101011
010101110
101001100
111101100
001001010
010101010
101001100
111111011
101001000
011101110
111000100
111000000
010000010
110100000
111101011
111101011
010101100
111111011
110111000
100111010
001010000
111001111
010101100
110111000
010111000
100001110
110111000
101011100
010000001
110011000
001000000
111001011
111001100
010100110
101001000
001000010
101000000
010111101
100010100
010101110
010000001
101000100
010100000
110111110
110111000
001000010
010101110
111110000
111111011
010101110
110111010
101001100
110101100
110111100
010111110
010111100
101001100
001000000
110101011
110110100
011101110
101001100
101001000
001000010
001001010
100111000
111101011
110111000
010000000
010111110
111110100
111101011
010110100
110011100
100101110
111101011
010101100
111101011
001001110
001000010
001000010
101001101
100110000
111110100
111101001
001000000
010111100
010101110
111110100
101101001
110101001
111111100
010101110
101001100
111110100
011001101
010111100
010000000
010110100
000101110
001100000
110011001
101001100
110111001
111110100
111101010
001000010
010000000
010101110
110111000
100111001
001000010
010111101
010000010
101001111
101010100
001110100
111111100
010101100
011101110
001100010
001101110
011000000
101111100
101001000
010000000
110111000
111101011
010101000
001000000
010000110
001000011
010101010
101001100
001000010
001000111
111110100
010000000
111101011
111001100
110111000
101001100
110111010
111101000
110111100
111101011
010111001
101001100
010101110
111101010
000000010
010101110
000111000
000000010
111101010
110111000
001000010
111101110
111101011
101101101
110000000
011101110
100110100
010111110
111101011
111111100
010111000
010111100
110111001
010000000
110111100
010000001
010111101
001000001
101100100
110101111
011000110
010100010
111110100
110111000
010101110
010000000
001101110
001000011
110111000
011101111
101001100
110110100
001000010
110011000
110111000
010101110
111101111
111010110
101001100
010111100
110110010
101001010
010111100
111101111
110111000
110011000
010000000
110111000
101001100
100101011
101001110
110101100
111110100
010111000
100111000
010000000
010000000
101001100
110000010
010001110
010000000
010001110
010111000
111101010
111111011
111001001
110101110
010101110
011101011
111101111
100111000
010000000
010111110
101101011
011111000
111101011
110101100
101110000
001000010
110100111
010000000
010111100
010111100
011101011
110100011
010101110
111100011
010101011
110110000
110101001
010101110
111110100
111010100
010111010
101000100
101001000
001000010
101000010
110111000
010000000
100111000
101110100
110110000
101000100
010101110
011111110
010111110
101011100
001000110
111101001
111101011
101001100
010011100
010111100
010000000
010100011
010101110
100101110
111101011
111110100
110111000
011100011
111100011
110111100
101001100
001001000
001000010
001000010
010101111
110111000
111110100
111110100
010000000
111101011
111101010
001000010
001000000
110111000
000100100
000111000
010101100
010101110
010000000
110000000
111101011
111110100
010110000
110111000
110111000
010101100
010101000
011111101
110111000
010011100
111011100
111110100
111101110
010101111
010100110
010101111
111100011
110000000
111100010
010110100
010101010
110111001
101000011
010111100
101000100
010101101
111101111
111101111
101001100
110110000
010101110
001010010
010111101
010000000
110101000
010101010
010010000
111011100
110010000
110100000
011001011
111110100
010111000
010111101
111111000
101000010
010000000
010000000
010101000
101001100
001101010
101000100
000101110
010010100
010111100
111011011
000101111
110101011
010101110
110101100
111110000
010000100
101101100
010101110
101001100
010000010
010001110
010101110
011000000
001000010
111001000
010110000
101001100
110000011
111101011
001000010
110111000
010000000
010101100
010111100
110111100
110111000
010011100
010000000
111101011
010111110
101001101
001000010
111110100
001001101
010000000
010101110
000000010
010101110
010101111
010101100
111110100
111110100
001000010
010101000
101001100
010110100
010101110
000000000
101101000
110111000
001000010
010110100
011100110
110101110
010111100
101001101
001000100
110000100
001000010
010101110
101001100
010000000
000000110
111001100
010111100
010101010
010100000
111111000
100001100
101001110
010101110
011000010
000000000
110111000
111110100
001000010
110111010
001000011
111111011
010111100
111101011
010101010
111110100
110000000
111110101
101110100
010011100
010000000
000101110
101101111
010000010
001100110
101001100
000010110
011101110
001011100
111110110
001000011
101001100
101001000
111101011
001000010
001000110
010101110
111001011
110100100
001000111
010101110
111111001
010111100
010011110
010111100
110111000
010000001
100011000
010101010
110011001
101001000
010000000
010111100
010111110
101001100
001100110
111110100
111110100
010000000
000101110
110111010
001100010
110111000
111101001
100101010
111010100
010111100
111011011
110000000
110111000
010101100
001000010
101000100
100011110
111101011
110110000
110111000
110111000
110111100
110111010
010101110
111110110
000111101
011110100
111111000
111100001
100111000
010000000
010100000
010111100
101100100
110011011
010000000
101001100
111110100
010001110
110111001
010111100
010101100
110101011
010100110
101001100
111101010
110111000
001000011
001000010
011000000
101000010
010111100
110101100
111110100
111110100
000111100
111101001
010001000
110110100
111110100
101001100
111110100
010101110
001101110
010100110
010101100
010111100
010000000
111101111
000111100
011111100
010111101
110111000
011000010
100111010
110111000
111101011
101101111
101001100
110111000
101001100
001001010
010011100
101001101
111101011
010101110
110111000
111100100
010000000
111101111
011111101
011111100
101001100
011010000
110111100
010111100
010111100
010111100
011000000
111110100
010111100
001001100
111101011
011101110
010111000
110111100
111110100
110001000
010101111
101001100
111001110
000101110
101001100
110111000
011110010
110011000
111101111
100111001
110110100
001010011
110111100
100101100
010010000
111101011
010101110
010000000
000010000
010111000
010111000
001000010
011111100
011101110
000111100
010111110
001010010
100001100
110110110
110011100
001000010
110101010
001010010
010101100
111001101
110111011
010000000
101001100
010111100
010110100
011000000
111110101
001000010
001001010
001010000
001100010
100001100
010111010
010101110
111110110
010111100
011110110
010101110
010111100
001111100
110101000
111110100
010101110
110110000
111111000
011001110
111110100
010010000
110111001
111110101
010000100
010101100
010111100
010111100
010111110
110101011
111111100
101001100
101001100
000111100
111110110
111110100
001100010
110101011
101000010
111101011
010011100
001001010
010101110
111110110
110001010
101011101
110111000
001010010
010000010
010101110
001000010
000001010
111110101
010111100
010111110
101110100
010111100
011000001
111101011
111101011
101001101
010010000
110110100
101001100
010111100
111101011
110111000
101011100
010111110
011000000
111101011
110111000
011001101
010101110
101001100
010000000
101110100
110111000
010111100
111001100
110111100
010101110
101001100
001000010
010000010
110000000
010101110
111111100
101001001
010111100
111110000
010111101
010100111
101001100
001000010
110001111
001000010
010101110
111111000
010111101
110111000
010000001
011110100
110101110
011101011
110111100
001101111
010101110
011010100
111100011
111110100
111101011
110111000
010101110
111110100
010000000
111001100
001010110
010111101
010101110
001000010
110111100
111101011
010100000
110011000
111110100
110111010
010111100
001101010
010000000
000000000
101001101
101011101
010101100
110111000
110011010
110111000
010111000
010101110
101000010
001000010
101101011
010000000
110100100
010111101
010000001
011101111
101001110
010000001
010101110
010111100
010101110
111101010
001000010
010000000
001001010
010100000
101011100
001000110
111110000
010100000
010000000
010111100
111110100
001000010
001101010
111111001
111110000
110101000
011011100
101001100
110111000
011111100
001000010
011000010
011000010
010111101
001000110
010000000
111001011
010000000
001000010
011100010
010001110
111110100
010101110
110101110
111100100
101011100
111001001
111101011
100001100
010100000
101001100
110111000
111010100
110110100
010100000
101001110
010111111
100111000
010111100
010101110
001001110
110111110
110111001
110111000
110010010
010111110
001100010
101001100
000001110
010000000
111101011
101001100
010111100
111101000
110110010
010000000
110111000
010101100
010000100
010111100
010101110
101001110
000101110
110101011
010111110
101001110
001000010
001000010
010010000
010001110
101000010
010101110
101000010
010000000
010011100
110111001
010000000
110111000
001000000
010000000
111111011
101001000
111011100
110111000
111110100
010010000
111001100
101001000
001000011
001000010
110111101
110111000
111110110
111101011
000000000
101001100
001001100
110101111
110001000
010111000
110101000
001000010
010000000
101111011
111110100
001001100
010111101
111011100
101001000
010101010
111110100
011110100
110111001
111110100
111110100
111110100
010000000
110111000
100101011
100101011
110101001
000101110
010111110
010101100
001010010
110101000
101001101
011000010
001000010
110110000
111110100
010001000
010101111
100111000
010100000
010111011
111111011
111111000
111110110
101001100
111111000
010110000
111101111
010110100
011110100
010111100
110010010
110110000
101001110
001000010
111001100
111110100
101110100
111110100
101001101
010000000
011101110
010100010
011101111
110100000
111110100
010101110
110111100
101001100
010000000
010000000
010000000
010101110
010010010
010111100
111110100
010101111
000001100
110110100
100110000
100111000
111101011
111110110
110101010
111110100
110111000
010101110
110111001
101001100
001000011
110100011
111110100
010111100
101011100
001101010
111101111
110101110
111101011
010001000
001000010
010101000
111101001
010111100
001000110
010000000
011100000
010000000
110110000
101001100
010001110
111101011
111101001
010000000
011110100
010000000
010011100
010101010
010101111
111110100
010101110
111001010
010011110
111100011
101001010
001000010
110100111
110001100
111110101
010110100
010101100
010000000
110111000
010100000
101011100
000111000
101001100
010101110
010000010
110101000
010111110
111110000
010000000
111110100
010011000
010101100
111101011
100000010
110111010
111101110
010111100
010000010
111101011
010101110
001001010
010000001
010101110
010000000
010010010
111110100
111110100
111000100
111110100
010101110
010101010
111101011
111101011
001001001
010000000
110111010
110111000
001000010
101000100
011111100
000111100
010100110
110111100
010101110
010101100
111101110
010001111
010111100
101001100
111101011
000000000
101000010
001000010
010111100
010001110
011000000
010101010
110110100
101001110
010111100
001000010
110011000
110111000
111001100
111001110
001001100
010111100
111101011
010101110
111110100
011101011
111110100
010101110
010000000
111111011
110001000
111110100
010001111
101001100
110111000
001100110
010000000
010111010
001100010
011101011
110010101
111101001
111110100
010101110
001000000
001000110
111001111
010111100
110111000
010101110
111111100
011000010
010101110
001000110
000100010
111001011
010111100
111110100
110110100
011100110
010101110
010000000
010111010
010111100
111110001
110111000
010100010
010101110
010000000
110110100
101001100
101100100
000100010
110011100
010011111
111101111
010100010
101001100
001000010
111010100
110111000
101011010
011000000
010010000
011111100
111110100
111001001
010111100
111101011
101010100
101001100
000101110
010110100
010111100
101110000
001100010
000101110
111100011
010101100
110101000
010011100
111110110
010101110
110111100
101001100
010000000
001001010
110111000
111110110
101001100
010000000
111101001
101001100
011110100
010000000
110101011
111101011
110111000
010100110
101001101
111101011
010010000
110111000
110010000
001000010
101001100
010111110
101101011
111101011
100011110
010000100
001000010
001000000
000111110
111001100
011101110
111011000
110111000
101001100
111010001
110000000
010101110
110000001
111101111
000000000
000111000
001001111
110111001
110111001
010001000
111110011
001000011
000000000
110010000
111101100
010000000
110111000
010011100
001100000
010000100
010101110
010000000
111001011
111101011
111110100
001001010
001000110
111101011
111110100
101110100
101010010
000101110
111011101
010101110
110011000
111000110
010101110
111111000
011000000
110111000
100000100
001000000
101000010
101001110
101001101
111110100
110000110
111000100
101110101
110111000
001010010
001001101
010111100
101001101
111010100
001001100
010111100
010000000
110011010
110111100
111101011
111101011
010111000
110111000
111101000
000100010
010111100
110111100
010111100
111101011
101010100
111010110
010001110
001000010
010001000
001000010
111110100
111110100
110101011
101000100
110111110
010110100
111100011
110111010
110111000
110101110
000000100
101001111
111101001
010101111
101110100
110000000
110101011
111110000
010101110
111111011
111101011
010100110
001000010
010101111
010000000
010101110
101101011
111110100
011110110
111000000
111101011
001010001
100100011
101001100
111010100
001000010
111101011
010111100
111011100
011100001
010000001
010101110
001000000
111110000
101000001
101001100
010100110
111101011
010111000
001000000
111001100
111100011
101100100
010111000
110111000
110010100
001000011
111101011
011001100
001010010
101001100
000101110
101001101
010101110
010111100
011110100
010000010
110111000
010110000
101001101
010000001
010111100
010000000
110011000
010101110
010001000
110111001
010101110
010000000
010000000
111101111
001010010
111110000
110111011
000001101
010110110
001000010
110101011
010000000
010000000
001000010
110111000
010101110
110101011
100001100
001100010
111101011
101001100
110111001
111101011
111101011
001000110
101001100
101101100
110111000
001101011
101001100
001000010
010000000
010000000
101000010
001000010
001000010
111110100
111101011
110111100
010111100
111111000
111100100
101001100
010101010
010111100
001000010
010101010
110110010
110101011
010111000
110000000
110101110
101011100
001001100
000101110
110110100
101001101
111101011
001000010
100111100
111101011
111101011
111100100
101010000
110111010
110000100
010100000
011000011
001000010
111100100
001000010
011000010
010101110
010111100
111110000
010111100
010101110
011010000
111010100
111100101
111110110
110011000
101001100
111001000
111101001
010111110
101001100
000101110
010000001
111000011
111100011
110111000
111001011
001000010
010111100
101011100
110101100
010111100
010100111
110110100
110111100
010101110
001000010
111110100
010111101
010111000
000101100
001000000
111101011
110110100
010101110
010111100
001000010
000101100
101101011
000111100
111101011
010101110
010001000
010101110
011101110
101011100
100011100
010000100
010000110
001000010
101101100
011101110
001010010
010000001
010000000
101101011
111110000
111001011
101011011
111100101
110110100
111110100
100001000
010111101
110111001
001010110
101010100
111101011
111111100
010111100
000000011
010101000
111101011
101100100
101011100
101100100
101001001
010101110
010111100
001010010
010101110
010101110
001101100
110111100
101101100
000110010
010000001
111101011
010111100
111111011
101001100
100101110
111001010
110111000
111101111
110111000
010101010
100001100
101100010
110101011
101101100
111001111
111101011
001100010
011000010
111101011
010101110
010100110
110111001
010111100
101001110
101010100
001001010
111110100
111101011
010111100
001001100
010000000
110110000
110011101
010001110
100001100
110111001
010110100
101011100
110111011
010101111
100001100
111110100
010101110
010111100
110111000
110111000
111110100
101101011
000100000
100000010
010000010
010000000
110111000
010111010
010001110
111110100
101011100
111110100
111111011
101101011
101011100
110111000
111101111
110111000
010000000
111110001
010001000
111001100
001000110
101010010
011101000
000101110
001101001
001000000
111111100
010000110
111000100
010000000
010001010
000011100
110101000
101000110
111110100
110011000
101001100
000101110
001000011
111101111
111101011
101001100
010111100
111111000
110000000
001000010
010101100
110101000
101000100
111010101
011000100
001001010
110110100
110110000
110111000
000111100
010111100
001000010
101010100
110110000
101001100
101101100
111110100
010101110
110111100
001110100
110011011
110111000
010110100
111111010
010000000
010111100
010101111
100110001
111111011
111111011
111110100
001000000
110111100
011111100
010011000
100101000
000101110
011101110
010101110
101001110
001000010
101110100
111110100
010010000
101110100
111100011
110111100
010100100
111101010
011000000
111010100
110110000
001000010
010001110
110111000
001000010
000000000
110111010
101001100
010111101
111101001
111101011
010110110
010101110
110101110
010001000
010001010
010010000
111101011
001000000
010010000
110111010
010000100
111110100
001000010
111101010
011100100
011101110
000111100
110111000
110111000
011111100
110111001
111010111
110011000
010111100
111000100
010111000
000000001
101001100
101000010
101001101
101001011
010000000
011110110
000111100
110001100
101001100
011110100
111101011
010000000
110111011
010101110
111110100
111100011
001000010
110110101
110111000
101110110
111110100
111001100
011000110
110111000
110101100
111101011
010101110
111101011
101001100
101000010
101001100
010101100
101001100
010100000
011000000
111110110
110111110
111011100
010110100
011111100
110111000
101001100
010111100
001001100
001000000
010111101
111101011
101001100
010111100
111110101
010101110
111101011
111101011
011000000
010101111
010111100
110101110
010111101
111110100
111110100
101001100
101001100
001000010
000100000
110011000
001000010
101001100
010000000
111101011
101110110
010111100
010111100
111101011
010010100
101001100
111110100
010101110
010000000
101100000
111111110
010100000
111110100
010101110
101101100
010111110
001000000
111110000
010101110
011000010
111001011
010111100
101001100
010111101
101001100
111101110
110111010
101001100
010111100
001100110
111100011
010001100
010000100
010000000
111100100
010000000
010011100
110111000
101001100
000000000
110111000
101001100
010000000
010101100
011101011
000000100
011101110
111101011
101010001
111101111
000100010
001000010
111101011
000000011
101001010
110111000
101001110
110000010
100001100
010000000
010000000
001000000
010000000
010001000
001101000
101001100
111110100
001000010
110001100
101001100
101000010
110101100
010000100
110111011
010000010
111101010
111110100
010101110
010111110
111110100
000100111
110110000
011000010
110111000
000000001
111100100
101101011
111101010
111100011
011000000
001001111
110111000
001000010
010011001
010101100
110111100
001100010
