101001100
010111100
100111000
001001010
111101011
010111100
010000000
010000000
110101110
111101011
000101111
010111111
111101001
010101010
011100110
010101111
111100100
111101011
010010000
100001010
111101011
100101111
111101011
111101011
010000100
101001001
101110000
001000010
000010010
111011100
010101100
010111100
111101011
110111010
111011000
101111100
010101110
101101100
010100000
010101110
001010010
000101110
101011100
110111100
111010101
011001110
110101000
001000010
111100001
111110110
011000000
001001101
010101110
110111000
001000010
001001010
111110100
011001010
101001100
010000000
011110100
011111000
101110100
010110100
101001100
110111100
111100111
001000110
001110010
110111000
101011011
001000000
110111011
110001100
101001100
001100010
101001100
000000000
001111100
110111001
110111010
110110100
001001100
001001101
001000010
001000010
110000000
010000010
000001100
110010001
010111100
111101011
110111000
010110100
110101011
111101010
010000001
101011100
111001111
111110100
110110000
111110100
101001000
101001100
010111110
111010011
111110100
101000100
001000011
010000001
110011000
011101101
001000110
111101011
010000000
111110100
010111100
001011100
110110000
111110000
010011101
010101110
010111100
111110000
001110010
010000000
010000001
010101111
010101110
101001100
110110000
110111001
100101001
011101100
110111000
001000010
111101011
011001100
101001101
111110100
111010100
011000000
010111000
110110000
111101011
101000010
101000100
111110100
110111000
111101011
000111110
001000010
101001101
110101011
010101000
101001100
001000010
111110100
010101111
100110010
101101011
011101110
110101100
000100010
001001100
010000010
111110110
110011000
010101110
100011000
011000010
010011100
001111110
010011110
000111100
001000010
111001011
011111100
001100010
001000010
111100100
010101000
010101101
111101011
100001100
111101011
111000011
101001100
010000001
001000010
111100010
111101110
010010000
001100010
011000010
010001110
100111010
110101000
111110101
110101100
101001100
010101110
101001100
101001110
001000010
010101110
001000010
010000000
101001100
111101011
110111000
010010000
110001000
101001101
111111000
010101110
101001100
000001101
010110100
010101110
010101010
010000110
111110100
010000000
110011001
010111110
010111000
110101000
101001100
101101011
110111000
101001000
010001000
111110100
011111100
111110100
010101110
010111101
010000000
110111001
010111010
011001011
010111111
001000110
111110100
001000010
110101000
101000100
110111000
001000010
011101011
111110000
110000000
010111101
000001110
010111110
100001100
101000010
010111100
110001000
111110001
111110100
101001100
010011000
010000000
010000000
101101011
111111000
100011100
110111000
010111000
101001100
111110100
000101110
111100100
001000000
111111100
010001110
001000000
110111001
010101110
110111000
010111100
011101110
110110100
101001100
101000100
000000010
010101110
101001100
111110100
011111000
111101011
010000000
110100011
111101011
010100000
011101010
111111100
010100000
000101110
010010000
010000110
111100101
111101011
101001010
111110101
111100100
111110100
010110110
111110100
111101111
001101000
001001100
010101110
010101110
000011100
010111010
111101011
110111000
010101110
111001101
010100000
101110110
101101100
011000000
010101100
011000000
111111000
110111000
010111110
010101100
010111100
010000000
010101110
001000010
010101110
010101110
010111100
011101110
110011000
010101110
010001000
111101100
001000011
110100100
010000010
010010000
010101111
010101111
111110100
011000010
101001100
110111000
000000010
111110100
010000000
100111000
010111100
111010100
010111100
111101011
010101111
110101010
010000100
011000000
011101010
111101011
111101011
010101110
010101100
010111110
111010100
001000010
111110100
111001100
111001011
101001010
010111000
111111100
111101001
111001100
010000000
111110100
010000000
001001000
110111000
111101111
001000010
010000010
101110100
111100011
111110100
101101011
010101110
010111100
001000010
111101011
110000000
010011000
010001001
111101011
111110100
010111011
111011000
111111100
000000000
111110100
111110110
110111000
111101101
111110000
010010000
000100010
101001100
101001100
110000000
010001000
010000000
011110010
010000000
100101100
001000010
010011101
010110000
101001000
001000010
110110100
111110000
111110100
010111110
110000000
100111000
011000000
111111011
100101101
111110110
001000011
110111000
101110100
010110100
111110100
001000010
010111100
010101110
110111000
110000000
111110100
001101100
000111100
101001100
111101011
000000000
010111110
000000010
001100010
010111100
001000010
010111100
010100000
111110100
110111000
010111100
010101110
010101110
101001100
111001011
001000000
111001110
001000010
101001100
010000000
111110100
000101110
010101100
010111110
010101110
100101100
011100110
010000010
100111000
110110001
010010000
111000010
010111100
101001100
111110110
101101000
110111000
010000000
000000000
001010010
110001111
100000100
101001110
101101001
001000010
111001100
000111100
111000011
111110100
000000010
000000000
111110100
110110000
101001100
111001100
110000000
111101011
111101011
101001100
111110100
010000000
011101110
011110100
010000000
100001100
101001100
010101001
111110110
010011101
010111100
001000010
001000010
101001100
010100010
111101011
010011100
010000000
011001110
111101010
001111100
110111000
010000000
010111100
011010010
111111000
001000010
111100011
010000000
111110100
110111001
010111110
111101011
010101110
010111100
111000110
110001100
000000010
101110100
111101011
110000100
101001100
010100100
010101110
010101111
101001110
011101011
001000010
101000100
111111011
000101110
010000000
010101010
001001101
010011000
101001100
011001110
100000100
111110100
010111000
010101110
010001010
111110100
001000101
110111000
101101011
101001100
010000000
001000110
001000010
010000000
101001101
111110100
101001100
110101110
110111001
101001100
101001000
101001100
001010010
110111001
111110101
010111100
010101100
110000100
001110001
011101010
101001100
010000000
111110010
010000000
111001100
110111000
110111100
010101010
010100000
000101110
010001000
010111100
010111100
001000011
111110100
111100101
110000000
001100010
110011100
111111101
110111100
010010000
101001000
110001100
010000010
010111110
111110100
001000010
100110000
101101110
110011100
110110101
010101110
100111000
010111110
111010100
111101011
011000010
111100011
010000000
101001100
110111000
011000000
110101100
110111000
111001000
111110100
001000010
111100100
001100010
010101110
010000000
110100111
101101100
001000010
011000010
101001100
001001010
101110010
110111001
110111000
110010000
010111100
010101110
010101110
111010100
010111000
111101011
101001000
010101100
110000000
101011100
010001110
111110100
010111100
110111000
110111000
110000100
111101011
110110100
011111100
001100010
111101011
111010100
110001000
101001100
110111000
010000000
111100100
011101011
010000000
000000001
000000010
110111100
111110100
001100010
101001100
101110100
110111000
111001000
111110100
010110100
111101011
101001100
101000100
101101100
010111100
111101011
110101110
101100010
010101100
001000010
010101100
010000000
001010000
001000010
111110100
101001100
000001010
010101111
111100010
011101010
101011100
111111000
101001100
001000010
010101010
100101110
011101010
010101110
010101110
011111000
010101100
010111100
001110010
110011001
110000000
101001100
111101011
010111000
111110100
010101110
111110100
010010000
001000010
101101011
010111100
010001110
010101110
111001010
011101011
001000010
101001100
110111000
011010110
010110100
010101110
101000011
010101010
110111110
001100010
010001000
111101011
011101011
111110100
111110000
011000010
010101110
101000100
101000000
011000000
010000001
010001110
111010100
101011100
111101011
010110001
010111100
010111100
100111001
010111100
010111101
001000000
010110000
101010010
100000100
101011000
101001100
010111100
011110101
110101001
110111001
010101110
010111100
101000110
111111110
111101011
111101011
010000000
011000000
010010100
011001001
001001011
110101110
101101100
010101110
001000000
010111000
001001100
011110100
110111000
010110101
000000001
010111100
010011100
111110100
010101110
001000000
111101011
110110000
010101100
111101011
001000010
010000000
111010100
001000010
110111000
110111001
101001100
010111100
001010100
101001100
111110100
010111001
010000000
101001000
111101001
010000000
010000100
010001110
010101110
010111111
111001011
011000000
111101011
110011000
111110100
110101001
101001100
111110000
111001100
010000000
101000000
110101011
101001100
001001100
001000010
010111100
111110100
010101000
100111000
110110100
010000000
101001101
101001100
001000010
010111100
010100110
010101010
010010000
010111100
001000110
000000000
010111100
101001100
101101011
110101011
110101110
001000010
110111010
010111110
111110100
111010100
110111000
110111000
110111000
010101011
111011100
010101100
011010100
110111000
101101100
000000010
010111100
001001100
010111100
101110100
000000010
011000011
010111000
110110100
010000000
010100100
001001010
101001100
010001110
010111000
010111100
111110101
010101100
101000011
101000000
111101011
101001101
101001100
101001100
001000010
011111100
000111101
010101111
111110100
110111000
011000000
001000010
111101011
100000010
010011010
111110101
010001000
010100110
010000101
110111000
001000010
110100110
010101110
010000000
010000000
111111000
001000010
101001100
001100010
010111100
010011110
110111010
110110100
010000000
001000010
010111010
010111100
100101000
101101011
001000010
010111110
001000011
010101110
101001110
111111111
010100000
010111110
000001010
011000100
010000001
010100000
110101111
010000000
010000000
010111100
000101110
110111000
010101111
111110101
111100011
010111100
101110100
111100100
101110101
101001100
111100100
000000010
110111000
001000010
010111100
001001010
101001100
001010110
101000010
001000011
010000001
010101110
010101110
101000100
100111010
110111100
010111000
010000000
111110101
010001111
010101110
001001010
101101000
111101011
010101110
010111100
111111011
010101110
111110100
100011001
101001100
010101010
111110000
110111000
101000010
110100010
001000011
001000011
100111000
111100100
010111101
110111000
111111100
101001000
100001100
111110110
001001010
111101111
101001100
010101010
110111000
101001100
111010100
010001000
101001000
110111000
010101100
010101110
110101110
001000100
110000000
010001000
101101011
010000000
010010000
110111000
010111110
110111001
011111100
010111100
010000000
110111100
110111000
101010000
111101011
110111000
100101100
111101011
010111101
111110000
001010010
000101110
101001100
010000000
111110100
111110100
010111101
001000010
111111000
010111100
011111100
010101110
010101110
010101100
010101110
110100110
010111000
110111000
110110100
111001100
001000100
111110010
111100011
010101110
001100010
111101011
100001100
010111111
111110100
010111100
111101011
111110100
110111000
001001010
111101111
010101110
010101000
101110000
011111011
110110100
111111010
111111111
011100011
101110100
111001011
100010110
111101011
010111100
110111000
001000010
111110100
010101110
011000010
110000110
010101000
000100000
010000000
111100011
101110100
111111000
111110100
101001110
011001000
101001100
111110100
010101111
010110100
110000000
101000100
101101010
101001100
101100010
001000001
101001100
111011000
111101011
100111110
010000001
111101011
010010000
010101110
010100110
111110100
111001011
110111000
001001010
010101110
011000000
111100111
000001000
101110100
010101100
010111000
111110100
010000000
110110100
010000100
001100010
100111000
111101011
010111100
001010110
111001100
010101110
110111000
111101011
111001011
010101010
010101010
101001100
111110100
010101110
001010000
000111100
111101011
111010100
111101011
101110100
101001100
111110000
010000000
001000000
010111100
011001010
010111100
001110110
110101000
101000010
010011101
101101111
010000000
110111000
010110000
010000000
010111100
111101011
110110000
000111110
010111110
111110100
101000010
000110101
011111100
110111000
110101000
101110100
111101001
001001010
101001000
110111100
101111010
111101011
010111100
010001000
110110000
011001000
010101110
010101100
110111111
111001100
001100010
011111100
100011000
011101110
111001011
001110010
001000010
001001010
111110100
111111100
010000001
010101110
110111100
010111100
101001100
101000010
010101110
001100010
111101100
011110100
110111000
001000000
010100000
111110110
010110100
110110000
001000010
011100100
110111000
010010010
111110110
011000010
110101000
110111000
101001100
101100011
111101011
001000010
001000010
101101100
111101110
101001101
111010100
111101011
000000010
010100111
001010010
101001101
001010010
010111000
101001100
101101100
011010100
010000000
110101011
111101011
010111100
011111000
010111000
110111000
000101000
010101100
110101011
110110100
010101100
111110101
010101100
001000010
001000010
110111000
001000000
010101110
101001100
110010100
010101110
010101110
111101011
110101110
010111000
011111001
010111100
101101011
001000000
101000010
010001001
010101111
110111000
010010000
100011011
110110000
010000101
001000010
111101011
110111000
010101110
111101001
010111100
111101011
011000100
011111100
010001000
011110100
111000010
111101011
011111100
010000000
001010010
010010000
110111000
111101011
111110101
001011010
010101110
010111110
010010001
101011110
011000011
001000010
110111000
111101011
111101001
010000010
110111000
100111010
001001100
111001100
011000010
010000000
010111100
010111101
111110100
111101111
110111000
010101010
111101011
000000110
011100000
111101011
010101110
010000000
101001100
010100000
010001110
111010110
010001000
001000111
101101100
001001010
010110100
010001100
010101110
110111100
111101010
101111000
001000010
010000000
111001100
110110100
111101011
101001100
010000000
011110100
001000010
010101100
101001100
010100000
010100110
101101011
010111010
010000000
111110100
111011010
110111100
010110110
110110000
001000010
010111100
010000000
010000000
110101100
100101001
010111100
111101011
110110000
010101110
110111000
010111100
011000000
010101110
111110100
110111000
011000000
010000010
001000011
111000100
010000000
111001011
010011100
010111100
110111000
010111100
101001100
010000000
001011100
111110100
011010011
101000010
101001100
011110000
111110100
010000000
111110100
101000010
001000010
001010010
010101110
111011100
101001100
110011000
010110110
111111000
110111000
101001110
100110000
111000011
010101110
010101111
010100010
000000010
000000000
111110100
110101011
001000110
111100011
010010000
110000000
001100010
010000000
010000000
111110100
010000000
111101111
111110100
011000000
010111100
101001110
110111000
000100010
010010000
111101110
111110100
101001110
010101110
101001100
101001100
111101011
110111000
010000101
010111000
100000000
110111001
101001010
001000010
100000000
010101110
111001011
110111000
110011000
010000000
100100100
110011000
111101011
110111000
111110100
111100101
010101110
010101111
100001100
000101110
010000000
010000000
110111100
110100011
111110110
110111000
010111100
010111100
001000010
010101100
010000000
111110100
110110000
110101000
110110000
010111100
001010010
000101110
010111100
111011011
010111100
111101011
110111000
010000100
111101011
010111100
010000100
001000010
111110100
001000000
111111001
001000010
111100100
010111100
111111100
111111000
111100011
111110100
010101101
010101010
001100010
010000000
010011100
010000000
001000001
101110100
110011000
101101011
101101111
110011100
010111000
001001010
000010011
111111100
111110100
111101011
010101100
010011000
001001010
111101011
111101011
011000010
011101011
010101100
001000011
010110100
111110101
110111000
111101011
000101100
011101011
110111100
011001010
010101000
001100010
010111100
111110100
010101100
001000000
111101011
101001100
010000000
011000000
010111100
101000010
010101110
111101001
011000010
001000000
010111001
010111100
011101011
010101110
010111100
011100100
010000000
110111000
101011000
111101011
111101110
110011100
111100011
010000010
010011001
111101011
001000010
000110100
101001100
101011100
100110100
111110100
111101011
010000010
001000010
001000000
111101010
101001100
110101111
111110100
010101110
111110101
100101011
111001011
111100100
011101110
010001110
010111100
110111000
110101110
010101100
111001001
010001100
011110100
111110110
010111001
111101011
010101011
111110110
000000000
011101110
111110100
111100000
000000100
011101110
111101011
110111100
101001100
010111110
101001100
010000000
010111100
010000000
111110110
111100001
111101011
010000001
101001100
001000100
101001110
011101100
001100010
010011000
000110100
111101011
010101010
110111011
010101110
010000000
010101110
010111111
010000000
100001000
110111000
010101110
010101110
010000000
011101011
011111100
101001100
110101110
001100010
010101110
010011000
010000100
010000010
001000010
111110100
000000010
101001100
111110100
010100000
111010100
010111100
010000000
111110110
101001000
010111100
110101011
010101110
010010000
101000100
010111100
010000000
010111100
010100110
010111100
110111000
001000011
110111001
111110100
110101001
110011000
101001110
010111100
101001001
110111000
010111100
110111010
111101001
010101010
111001100
010101010
010001100
111111000
101001100
110011000
111001011
111101011
010111100
110110000
001100000
011000010
000000000
110111000
001000010
010111000
010000000
111101011
101111000
111110100
001000010
110111000
010101110
111110100
001011100
110110000
110111100
110111010
110110000
010010000
011101100
110111000
010101100
110111101
011000000
010111000
111101011
010111110
101000100
110101000
111010100
001000010
010111100
010011100
010100110
001101101
111100100
010100000
010000100
101000010
111110100
000101111
010000100
111001100
010111100
111101011
001110010
010000000
111001110
010101110
000111100
010101100
111001101
111110100
011001111
010100110
111100011
101011100
110111000
111100011
111110100
010000000
111110100
101101011
111110000
010001001
001000010
010000000
111110100
101001100
110111000
001000011
001000010
010111100
000111100
010111100
010000000
011001000
011000000
101101010
011000110
111110100
010111100
110011000
011011100
001110010
111111011
010100000
111100100
101000010
000010000
010111100
001001100
010010100
101001100
110011000
110010010
111110100
101001110
001000010
110111000
101101000
111101011
010000000
010111110
111010100
010111000
000101110
111110100
010101100
111101011
011001010
111001100
000100110
010110100
101001100
010000101
010111110
111101011
011101001
101001100
010000000
111101010
001100010
111110100
000000000
110111110
101011100
111110100
111111000
110111000
111111000
111101011
010000000
110111000
111101011
110110000
000000010
010100100
010011100
011110011
010111100
010101110
111110100
111111000
111110100
010101010
111110100
000111011
010000001
011111100
011111100
000000000
110010100
010000100
101001100
010000000
010111101
101001100
111100100
011001100
001000110
001100000
000000010
110111100
001000010
011111100
010001000
011100100
001001010
010000000
101001100
000101110
010101110
001000010
110111000
000111111
101001100
010111100
101001100
001000000
010000000
001101010
111110100
111101011
111101011
110111011
001001100
010111000
111101011
001000000
001000010
010001100
010110100
101001101
111111100
101001100
010001110
110011000
111010001
010000000
000010110
101001100
000000100
111101011
101101011
111110100
010011100
001100110
011111010
010000000
101000010
110011110
010011100
111101011
011000000
010101000
001001010
101011100
011101111
001101110
111110110
111101011
111101011
111101011
010000000
110111000
010111110
110110000
010000000
011000010
010101110
101001100
111100100
001110000
111001001
111001100
110000000
010000000
010110100
011101011
101000010
110100000
111001011
110101011
010101110
111111000
001000010
010111110
111100110
110011000
111111111
110111110
010101111
110010011
010101110
101001101
010000000
110111101
111111011
010101110
110111100
110111000
111100011
110101011
101001101
111110000
011111100
111001011
110101000
001000010
100101011
001000010
110111000
100001000
010111110
101001110
110111000
010100000
110110000
101000100
001000010
111101011
111110100
110110000
011101011
111101011
011101111
101000100
110111011
101100001
010100000
111001000
110101000
010101000
010101100
111111000
111110100
010000000
010111100
000100000
010111100
111110101
101001110
101011100
101001101
010011101
010000000
011110101
110111000
111110100
001001010
111101000
001000110
111101001
110101011
001010010
111100101
001000010
010111100
110111000
010101110
010000100
111110100
001010010
110111000
101001100
111101011
001000010
010000010
010101010
000000010
111100011
010101000
010000000
111110100
001000010
101001100
110001100
011101110
010111100
010000000
000000100
001000010
100111000
001000010
110111100
111110101
111101110
010000000
010000000
110111001
101001011
100001100
011000011
101001100
110111000
111110100
010111110
110110000
110110000
010001110
101011000
111100100
110000000
010111100
011001110
111100101
101011100
110000000
010101000
000111100
010001100
010111100
001001010
010011100
110000001
010000000
111000000
010111100
110111010
110111000
000000000
111110100
110101011
010111100
001000000
111100011
010111100
010011100
010000000
010101110
001001000
010101110
111110100
001001000
010101100
111101111
010111000
111101010
010111010
011111100
101110100
010111100
101100011
111101011
010101110
010000000
110101111
101001100
100111000
001100000
001101010
010111100
111111011
000000000
010111101
000111100
010101110
010010000
110101001
010011100
010000110
001000010
111101011
110111000
101000100
101011100
101001100
111101100
000101100
001000000
110111100
111101100
110110110
100110100
110111000
101001110
101101011
010111100
001001010
001000010
010011110
001000010
110011000
010000001
001000010
101011100
110111000
110111000
110111000
110111000
001000001
110101100
010100110
010000010
111110100
111111110
110101011
110101000
010111111
111110100
111100100
101101011
010101111
111110101
010000000
100111100
001000010
010000010
000111100
010010100
110101011
111101010
010100000
010111100
011000000
110111000
000101110
001010010
111101010
001000010
000000000
111101011
101110110
101001100
110111000
001000010
001000010
111101001
101001101
010000000
001000110
111110100
101001100
111111000
001000010
100000010
010111100
010011100
010101100
001000000
110101111
110111010
001000010
101001100
101001100
110111000
111110100
101101101
101001100
010101100
100101001
101101011
010000001
110111000
001000000
110111000
111110100
010101110
011111100
111100010
111010100
010101110
111101011
111110100
111101011
111101001
010001110
011101100
010101110
111000100
010111110
101011100
101001101
000111110
010111110
111101111
101011100
010111110
011111100
010000000
111011111
010111100
010101110
001000010
111110100
001000010
010101110
101001100
000001100
110100000
010000000
010001110
010111110
111101011
111101010
010101110
010100110
101001100
111110010
100111100
000011100
000101111
010101011
010001000
001100010
101111011
111110100
000100110
010110100
111101011
010101100
111110100
010111000
101001100
010111100
010000000
010111100
110111000
101110110
110111011
111110100
110011000
110111100
001000000
010101100
010111111
110111100
110111100
110100110
010111000
101001100
010111000
100000100
110110110
110111100
010000001
010111100
010000010
010101110
110111100
000001100
111111011
000101100
011000000
111110110
010111100
110101000
111010100
111110100
101001100
010111110
010101100
010111100
001000000
001001101
110111000
101001100
111110101
101001100
010010000
110111100
111110000
101000100
010100011
111110100
111110000
111001011
110101011
011011100
010111000
010101110
010000000
001000010
111111001
110111000
001101010
010101100
111101011
010101100
000101110
111111010
010111101
101001100
010101010
010111100
001000010
101001000
010101110
010000000
001001010
101111000
010000000
011111100
011111001
110111000
101001101
101001100
010000101
101000010
111101011
001000010
111101001
111111101
010000000
101110100
010010000
110111001
110111000
111101011
001000000
111000000
001001010
001000110
101100001
010111100
011110100
101001000
001000011
011110100
111100100
111101011
111100100
111101011
111101011
110100100
111110100
010000000
010000001
110110100
111011000
001000010
011111000
010101110
111110100
010111110
101001100
110111000
101001111
000111010
110011000
001000010
110111000
010000000
010011100
010110000
010000000
111110100
111110100
110101110
001000010
110111001
110111010
001000010
010000000
101100100
010111100
010111100
110000010
110111000
110111010
101001110
110111000
111111000
111101011
001000011
110101110
110001000
110110100
100001100
010111100
110101110
110101110
101001101
011110100
101001110
111011000
111011100
011000000
001000010
010000000
101001000
001001010
110111000
010011101
010010001
110111000
110110000
010010001
001000010
011111101
010110010
101001100
110111000
101001001
111101011
011111011
001000010
110001000
110111000
010100010
010001110
110110100
111101011
010111100
110101010
111110000
010000010
100001100
010101110
010111100
010001110
101101011
000101110
101000100
101011100
000000000
111110100
001000010
010101110
011110100
111100100
101011100
010000000
110101110
010000000
010111100
101111011
010000000
111101001
111101001
010111100
011001000
010111000
010000000
111110100
010111100
110111000
010111100
010000000
111110100
110110100
110110000
101101001
110111000
111010101
010000001
110101011
110111000
101011100
111101011
010101000
101001100
111101011
001001011
101001100
111101011
111110100
111001100
010000010
010111100
110010100
011101110
110111110
010111100
011000110
111110000
010101100
011110100
010000000
111110100
101001100
111100100
000111100
101101100
111110100
110101100
111100011
001000010
010100100
010110100
011110110
001000010
101001100
101001100
111110000
000000011
010000000
001010110
110110100
011111100
111110110
010000000
001000001
010111100
010111101
101001000
010100000
111111100
110110011
101001100
111111000
110111000
110111000
000111100
110111010
110101000
111110110
010111000
010101000
111110100
010101110
010000001
110111000
101001100
110111000
111011100
111110011
101000100
111111011
010101110
101001000
000111100
010010000
010011100
010000101
110111100
111001100
100011100
011111110
011110000
010111110
111110100
010000000
101001100
110000000
111110100
001001100
101001100
010101110
111000011
101001110
001000010
111001100
100001100
111100100
010100110
001010010
010000000
010111100
001000010
110111000
111101011
000111100
010101100
111110101
010111101
011101111
010000000
110101000
110111000
010101100
110111000
010101100
010101110
011110100
000101011
110111000
001000010
010101111
000111100
110001100
111101011
110011101
111101011
101000100
111110100
000101110
011101110
001001010
111100100
111101000
011010100
110111000
010111110
111110100
010000000
100011110
001000000
100001100
011101011
101100011
110111000
101001101
010100100
110111001
110111000
010111100
100101100
010000000
000101110
111110100
010111000
101001101
111100110
111111100
010011100
010101100
111001011
010000001
110111010
000101000
010101110
010000100
110101110
110111000
010000000
010110110
111111000
001000010
101001100
010000000
111110100
100000000
110111000
111111011
111101111
110111000
101001100
010101000
101001100
010111100
010111101
010001001
010101110
111111100
110101000
010101110
111110100
010111100
101101011
000000010
010000000
110001100
010100100
010101111
110111000
010000001
111101011
110111000
111110100
111101011
010101000
010101110
101001100
111101011
010000000
111101010
111001111
101110100
010001001
111110100
001001100
010100111
011000000
010001010
010101111
010111100
110110100
111111100
111101011
111100011
010010100
100001011
010101110
010000000
101001000
110101000
011011101
111101110
101100111
010111110
111101011
111001111
010111100
111101111
010000000
101001100
010111100
111111100
010000000
101000101
101001100
010010100
010101110
010000000
111101011
001000010
001000010
010101010
011100010
111100011
111100011
110111000
010111100
010111100
001000110
110110000
110011000
010010000
001001100
110111000
000111101
010101010
010111110
100100010
111101011
011000000
011101111
111110100
101110100
111001011
110011000
001000010
001000010
111001011
110111000
111101011
011011100
011111100
011101011
110011001
011001011
010111100
010101110
100111000
010100100
111110000
010110100
110111000
111001100
100000110
010011100
111100100
110000000
000101110
101001000
010101110
001100000
110101110
101001100
001000010
010101110
110111001
001100100
010010000
111110100
010111101
010111100
011000100
111001011
001000010
111001011
010111110
110110010
010000010
001100010
101000010
001000010
101001101
010001110
001100010
010111110
010000000
000000000
010001110
101001100
110111100
001111110
001000010
001000110
111110100
010110000
110101010
100110100
101001100
000001000
110101011
001000010
110010001
100001010
001001100
101001100
111001100
011110100
101011000
001000110
111101011
010011110
000000010
010111100
010100000
110001100
110100010
010101110
010100011
010111100
101001100
010000000
110101000
001010110
010011100
010001011
111110110
111111100
111111001
111110101
111001100
110111000
101111011
110111110
010101111
111110111
010101110
010000000
110010100
101101011
001000110
010000000
010000001
101110110
111101011
001000010
111110000
110000000
010101110
110111000
111101011
010011010
101001100
001000010
101000100
110111000
011000000
110111000
010111100
010111100
000101110
110110101
111100100
111001011
001000010
101001100
010011110
010101110
001001100
001000010
110101010
011111100
010101110
001000010
010111100
011000010
010000000
000100010
011101110
010111100
111101011
010000011
100100010
101110100
011101110
101001100
010110000
010000000
111101011
110011000
000110001
101001110
010111100
111010000
101001100
111101010
110111000
101101000
111110100
000101100
010000001
001000110
010000000
101001100
110111000
001001100
111101100
111110100
000101110
001000010
110001100
111100111
010111110
111100101
010101100
010000110
100001000
011111100
111110100
001000010
111101011
111101011
011100110
001110010
101001101
110111010
001000010
111101011
001000000
001000010
110001001
110101011
010111100
011101011
010111000
111100011
010101000
010101110
110111000
100111000
011101011
010111011
001000111
010000000
010000000
001000111
101001100
111100011
110111000
010001110
010100100
110101000
101110010
111001110
110111000
100111000
010101110
010101110
111110100
111110100
001001100
110111000
110110000
000000001
100110100
010111101
110111000
111010100
010101110
110111000
011110100
111101000
111110100
101001101
110011000
110111000
111110000
101110100
011101110
111101011
110111000
101001100
111111000
101011110
010000010
010000000
111110100
010101110
110110000
001100010
111101011
011010000
010101110
111110100
010111100
110111000
001011100
111110100
001110110
010110000
010111110
011111101
111101011
010000000
010100110
010010000
101100110
111101000
101001100
111101011
010101110
101001100
101000101
010101110
110111000
111110100
111101100
011010000
010000000
011110100
110101011
110101011
111001100
010000000
001000010
100001000
110000000
001000010
010111100
111111000
110110000
001000010
111101100
111110101
001001010
111101011
110111001
111110000
101101011
111111011
111010100
001111100
111010000
000000010
101000010
110101011
111110100
101000010
110101110
010111100
001000010
111111000
110110000
011101110
010001110
010000000
111100011
101001000
111001100
111000100
010101010
011000010
111110100
001001010
111110100
001111010
110101100
010101110
101100100
010000000
010111101
010100000
011111100
100111100
111111100
000101100
010101110
101001100
010000000
010111110
010101011
000011100
101001100
010010000
101100100
101001110
010111100
001000000
111101011
110111000
111111011
101011110
010111100
111010100
110110100
001000011
011000000
111001101
001000110
010000000
010111000
110111000
000000010
010000000
110111010
110101011
111101011
111111100
000101110
111110110
111000100
101100100
110101110
111110100
000111000
100111000
010111000
101010100
100001100
001000110
010000100
010101110
001000000
110101011
010111110
111101011
110111000
001000010
111100110
001000110
111101011
010110100
110000000
011001101
110111000
111110100
110111011
001000011
111110100
001101010
110111010
010011100
001110010
111100001
111001100
111101010
101001100
010000000
010111100
111111000
010001110
010111000
001010010
111111111
101000100
110101011
110111000
110110101
111001100
010100000
010000000
100101000
010101110
001110100
001010010
001000010
001101010
111110100
111101010
001000010
010000010
101101100
001000010
001000011
110101011
011101100
110100000
110111000
010101111
110101010
010111110
000000001
010001110
010100100
110000000
111101011
010111110
111001011
110110000
110111000
111010110
010000000
001011100
111101011
110100100
010010000
110111010
110111000
000000010
101011100
011101110
010110010
111101111
111110100
010011100
111101110
001000010
111110101
111110100
101001100
010000000
010100001
111101011
110101000
010111010
111101111
010011100
010101110
000000000
111110100
000000010
010000000
111001011
010011100
111001011
110101000
011000000
111110100
110101011
111101011
010000000
110111001
010010000
101001110
111110100
000000000
000000010
110110100
111101011
110111000
111110100
011101110
001100010
010000000
010101110
001000010
111010100
010111000
101000100
010011100
111101110
101101111
110111000
110111000
111101010
011000000
010101100
010000000
001000010
110111000
111110110
000111100
000001110
101000100
001001100
001010010
111000100
101001100
001000010
010000000
111110100
001010010
010001110
001000010
111101011
011101100
101101100
100001100
001000010
000111000
010001000
111010001
111101111
111110001
011110110
010111110
101011100
101001001
110110100
010000000
010101101
010111001
101101011
110111000
010111000
011010101
010111100
101000100
111100100
111101011
010101110
010111101
010111100
010000010
000000000
010000000
110111111
101000110
011101000
111110100
011000000
100111000
111110110
010000000
000111110
000101110
111110100
011000010
001000010
011000000
010111000
010111100
111101011
101001100
000101110
111101011
110101110
001000010
010111100
010111000
010000000
101000010
010001110
111000010
010000000
001000010
010110100
110111000
010000000
011101110
001000010
101101011
110000000
111101011
111110000
111110110
101101011
111001011
111010011
001001010
010101110
101010101
010111000
110000000
101011100
111110000
011101011
110101001
110111100
101001001
110111100
110101000
010111110
111111111
111010000
001000000
111110100
110001110
010010000
001000010
000101110
111110100
111110100
111101011
000000010
111101011
010111100
010111100
001000010
110111010
010101110
010001110
010111100
011000010
001000110
001010010
011101110
111111111
001000010
010111101
101001100
010101110
111111000
001000100
010101110
010110110
001000010
010111000
010101110
010000000
010110001
010000000
110000000
010110000
110000000
011000010
110111000
100101100
110011000
001000010
000111100
111110100
101001100
011111100
011110000
010100111
010111100
101001100
100101100
011101110
010111110
001000010
101001100
010110000
111101011
110111000
101001100
111110100
101001100
001111011
010111100
111111011
010000010
011110100
111110110
001001101
010100110
111111011
111110101
000101110
110111000
110100001
001001100
001000010
000111100
010000010
011110001
111100110
010111110
010111100
111101011
000000010
111110100
001001100
110111010
001000010
111110000
101001000
101111110
111101011
010111100
010000000
010000000
010111100
010101110
001000110
001000010
010010000
010000100
100011100
001000011
110101110
010111100
010000000
010111100
000000000
110111011
010000000
111110100
011101110
111110100
000011010
011101110
010111100
110111000
100111000
111101011
101001000
111110100
011100011
110011000
010001100
111101011
001000011
101001100
010000000
010110000
110101001
001101010
110111000
111101011
001000010
011101110
001001010
101001101
110000000
010101110
111110000
111110100
010111110
111111011
011110100
110111000
010111100
110110000
010111000
010101110
110111000
111001011
001111100
111110100
010001000
011101110
001000010
110111010
110111000
010000010
010101110
000000000
010000000
001000010
001011100
101111100
111101011
000000010
101101001
100001100
010000010
011010000
111101011
000101100
001000010
111101001
111110100
010111100
101000010
110111010
011000000
010000000
000101100
000111110
010101111
110111100
010101110
110010100
001000011
111001011
111111000
010001001
101001100
001001100
010111000
111101011
000000010
010011100
111001110
010000000
110110100
110101011
001000010
010101100
110111000
110111000
100011000
110101110
010111100
111110100
101001100
011111010
111111001
010100000
010000000
111100100
111110000
110111100
010101100
010111100
010100110
010000001
111101011
111000011
011010100
010111101
111001011
001000010
110011000
010111100
010000000
111001100
111101011
111110101
010100000
001000010
101001110
010101110
101100010
111110100
000000010
101000101
110111000
111110100
010001100
010111100
010000001
110011010
000100010
011101010
111011100
010000000
001010010
010111110
110111101
001000010
111101011
111110100
110111000
101101011
111110100
110111000
111110100
000001010
110111000
011100100
001101010
110101011
101101011
101001100
001100010
101100000
010111100
010101111
110111000
001000010
011011100
101001111
011101010
010000000
010110100
111110000
110101110
000111000
111000100
001001100
101001110
111000000
010000001
010000000
001100010
101001100
111000000
101001010
001000010
010101000
001100011
110100100
101110100
110101001
110111100
001000010
101001100
111101100
000000010
010000000
111110100
110101110
010110100
010000000
001000010
111101011
111101001
010111100
011111100
110101011
111100011
111101011
010000000
010000000
111101001
101000100
110000100
010101010
001101010
001000110
000000010
010110101
110101000
010011100
001100010
011000000
011000010
010000100
010101010
110111100
001000010
101001100
010101110
010000000
101001000
001100010
101001101
010111100
010000000
010011100
010110100
111101010
010101110
110111000
010100000
010011100
010111100
101001100
110111000
100011100
110111100
010101110
110111001
111001011
111110110
111100100
000111100
101110100
101001100
001000010
010101110
111101111
110110000
110111010
010000000
111100100
101110100
111110100
111111011
111111100
100111000
110100000
010001110
101101100
110111000
100111000
111101010
110010000
111101001
111110100
001000011
010100110
110111100
000010010
001110100
101001100
101110100
011101111
001000000
010111110
101001100
110111100
001000010
001000010
101000100
000101110
001000010
010111100
110111001
111110000
010011100
001001010
101100100
101001110
010111100
100010000
010000000
100001100
101011100
000000000
010100000
010111101
011111100
110111000
010111100
101001100
101000000
110111000
010111100
111101011
111110110
111101011
111110000
001001110
111101011
111110101
000000000
010111110
010110100
011101011
010101111
011101110
010010000
010111100
110001100
011101011
110111000
111101011
010001110
111101011
110111000
010010000
010000000
101001100
101101111
101010100
111101110
010111100
111110100
010111100
010000010
010100110
110110000
101110100
111101011
110110000
110001000
111010101
100001100
100111000
010000010
001000011
111110101
101001110
101001110
001000010
010101101
001010010
101001100
110111100
111101011
011101011
110111000
101101011
010100111
110110010
010000010
101001000
101000010
110111100
101001100
000101110
101001100
001001100
010111110
110111000
010101110
111110100
110111001
110000011
000000010
101100100
011111100
010101110
010101110
010100100
110110100
101001110
111001100
010101110
000011100
010101010
101001100
010000000
001011101
101101100
110111001
110111000
001001100
010101010
110111000
110111000
110111110
101100010
111101011
111010100
111110100
111111001
111011100
010000000
110110000
101000010
010111100
111011000
010101110
010101110
001000010
010000000
001000010
011101110
110111100
111110000
111101011
001000011
010101000
010000100
010000000
011101110
101101011
010000100
101011110
000011110
010111100
110110000
001000011
111101001
110011100
011111110
101001100
101101011
010111100
010101000
001100011
101000111
110101011
010111000
010111101
010110000
000001001
001000010
101001100
011101110
001000101
010000000
001000010
010111110
010101110
010000000
011000001
111010000
010000000
110110101
101001101
101001100
111100011
001000010
010000000
001000011
001000010
110101000
101101011
010001110
001010010
000000000
110110100
010111110
010000101
101110100
010100110
010101110
010000000
001000000
110101110
101001100
001001100
110110100
011101010
111100011
111110100
000000010
010000000
101001100
111110100
101110100
110011000
010100101
110111001
110111001
100001100
011111100
010110100
001000000
010111100
010000001
111101001
010111101
101001100
010000000
000000100
001000110
010101101
111110100
111111100
001000010
111111000
011001011
011000001
010100100
101101011
001000010
011000010
101100011
011000010
110100100
111110100
101001011
101001100
010111101
111101011
111010100
011101011
110101100
001000010
001000000
001000011
001010010
010001000
101001100
010111100
111110100
010100011
111110100
010000000
001010010
010101110
111100011
101110100
111101011
101000010
010101110
001001100
110110100
111101011
001010010
011010010
001000010
000111100
110111000
111000000
111100111
011111110
010000010
101000010
010000010
001001010
110000000
010111100
011110100
010111000
011101011
111101011
010000000
111101011
101000010
111101011
111010100
111101111
010111001
110110100
010111110
111110100
010101110
111101111
011101011
110110100
001100010
110101100
010111100
010111000
001000010
010111000
010010110
010110000
010111100
010101011
110101000
111100001
111110100
101001100
001010011
011110000
100111000
011111100
111110100
010111100
111110100
111001011
110011000
010110110
011010011
011001110
010000100
111101011
110110100
011001010
001010010
110111000
001001010
001000011
101001100
001000111
001000000
010101100
110101010
011110101
110110100
111110101
010101110
010101110
111101111
010101010
110111000
111101001
001000010
101010100
010101000
011101010
011001000
110011100
111101011
010011100
110000010
011111100
011111000
101001001
011101110
001001100
010000000
011100110
010101010
111100100
010111101
101001100
111110110
010101110
110111100
111001011
111010100
010111100
010010110
010101110
010000000
001000010
010111110
001010010
010111100
110111000
010000010
001000011
010000010
001000010
111101011
010101110
010111110
101001100
010100100
101000100
101001100
010111100
000111100
111110100
000000000
101000011
000000000
001000011
011110100
101101100
101000010
000101110
110111000
010110000
010000000
010000000
110000001
001000010
010000010
000110010
101001000
101001101
010111100
101001011
010101110
111100011
001001000
111101110
110111000
110111000
101000010
010001100
111110100
010111110
111101011
111101001
101001100
010111101
110000000
111110100
001000010
010000000
011110110
101001000
000101110
010111100
001000011
010111101
111101011
010101100
011001100
000101110
100001100
001000010
010000000
111101001
111111000
010101100
110001100
001000010
110000001
101001100
111101111
010110100
010101010
101001100
101110100
001000010
001000010
000000000
111101011
001001100
111001011
001000010
010110100
010111101
001000010
001101010
111110100
010101000
101001000
100001000
010100000
001110110
010100110
101110100
111100011
010000100
010101111
111110100
110101110
100110000
010111100
101001011
110111000
010100110
110111000
111101111
110110100
011000000
110111000
110111000
011101100
101110110
001000010
001100010
011110101
010101110
111110100
110111000
011010010
100010000
010111100
111110100
010101100
001000010
010101110
111110110
100111000
010011110
111100111
010110010
111110100
111000000
010001100
010000000
111111000
111101011
110101010
010000100
011011010
011101110
111101011
111111011
111100101
010100110
010101110
110011100
111110000
001000010
111101010
001000010
001000010
101001000
111101101
010100110
010000000
010000000
101111000
001000010
010110100
110011000
111111010
111101011
000001110
101001000
011111100
100111100
010101110
101011100
011000000
010001101
001000011
111101011
110111000
111100100
011100010
110111001
000111100
111101011
100001100
001100000
010111000
000101110
111111011
010000000
010101110
010111100
010101100
111100100
111110110
000000001
111110100
101110100
010000010
001000100
001000010
010111100
110100000
001000010
101001011
110110100
110000000
000101111
111101011
111011000
010010100
101001000
010101100
101011100
111101011
110111010
110001001
000000000
010101110
100001100
101100010
111110001
000000000
111110100
011111100
110111010
010101010
101001100
001000010
010011100
010101110
001000010
100111000
010111101
010000000
101001100
001001010
111000100
111101001
011111100
110111000
111110101
010101100
110111000
001000010
010001100
010111100
010000000
110110000
010101110
001010010
001110010
000101110
001000010
001001100
000101110
101000010
011111110
010110110
111101100
110111001
010111100
110011000
101001000
110110000
001000010
001001010
110101011
010111110
111110100
110110000
111101011
010111100
110101011
010101110
111110000
001000110
001000000
001000010
010111100
111101011
010111100
101110100
011000110
101001100
111110100
111110100
101000010
111111011
100001010
011100010
010000000
010111100
010101110
010111100
010101100
110101011
001001000
001010010
111000010
010111100
010111100
101001100
111001100
101001100
010101110
110010100
110101011
001000010
110111000
110111001
101101001
010011100
110011000
101100100
001000111
111101011
010000000
110101100
111010000
111101011
010101111
010110000
110101000
000101111
110111001
101101011
111111000
101011100
010101110
001001010
111101011
111110100
111011111
110111000
000000010
010011100
111110100
110111001
000000010
110111000
111111100
101001100
010111000
011111100
101010011
000000000
010000000
100110100
111101011
000000000
011000000
010101110
010111100
101010010
111111001
101001100
010111100
110111000
111101011
001001011
001010010
011111100
110111000
010000000
010111100
101001100
011010000
010111000
000101110
111100111
010101110
110111000
010111100
111101011
110111100
010000001
111111011
101001100
100001100
010101111
101000011
100000000
111000100
001000011
111101011
000000010
111101011
111101100
110101011
110110000
111001000
101110100
011101110
010101110
101001000
001000000
111101011
010000000
101001100
010101110
001010010
111101011
111101011
010011100
111111000
100001100
010101110
110111000
111110100
001000010
011110100
010001110
010111100
001000010
010111100
011101010
010101110
010011110
111100100
111110100
111110000
110000000
101001010
111001100
010110100
000000000
101001100
101001100
010000000
010000000
011110100
001010110
111101011
010011000
101001000
101000100
010000100
110111000
111101011
110111000
010111100
001000010
010101110
111100011
010111101
001010010
111010100
101001100
110111000
010010000
001000000
001000010
111110100
101001111
001001000
101111001
011101011
010111101
001000010
001001101
110000000
111110100
010011100
111110000
000101100
101001100
010110110
101101011
010001000
010101100
111110100
010111100
101001100
110000000
110111000
111110100
110101110
101101100
110110000
110110100
010101100
010000000
101001100
111110100
001000010
110111010
111101001
010111100
111111100
111110100
111000010
001110100
001000011
011111000
010000000
001000110
010111101
101001100
010111100
010000000
101110100
101110110
010011000
111110100
110111001
010000001
001010010
010111100
000100010
110001010
101001100
111111001
001001100
111110100
111010100
010100110
010101010
110111000
101001100
110111000
110111000
011101110
110111000
110111000
010111100
111101011
010111110
111110100
010001000
010101100
111110100
010000000
111110100
001000011
111010110
110011000
101001110
010111100
110111010
110110100
111101111
010101110
010011110
101110100
101001101
101001000
001000010
001100010
010101110
010111101
110111010
010101000
010000000
110100100
010101110
010111110
010101110
100011000
010000000
011001100
111110100
010111100
111110000
010001111
010000000
111101001
010101110
010111100
110111100
101001100
001000010
111101011
011001011
101001100
110101110
010000000
010111110
101101100
111110010
110111000
000111100
111101011
010111100
001000010
010010000
010111110
101000010
110110100
111001111
010111100
111010100
111110100
111101001
010111110
110111010
010101110
000000001
010100110
010001110
110111101
110111000
110101110
001100010
101000010
011100010
001111100
010111100
100011000
110111000
111100100
011101011
110111000
111101011
010001000
100111000
010000000
111111011
110111000
010111100
010101110
011101111
111111100
101100100
010000000
111110100
011110110
010101110
001001010
010000000
101011111
001001110
101110100
010111100
110101010
010110000
101000111
110111010
001000011
001000010
010101110
011110100
001011100
001100010
111111011
111100011
001000010
010101110
001000000
000101110
010000100
010011101
010111000
001001010
001000010
110110100
101110100
101001101
111101011
010000000
111101011
000111100
110110100
111100100
001000100
110111000
111110100
010101100
010101110
010000000
101001100
010111110
110111010
101001100
111110100
110111000
001000010
111110100
100111000
001000010
010000001
111101011
111100011
110111010
101001101
111110100
100011010
001010010
000101110
111100011
001000010
110111000
010101111
110111000
001000010
010010000
010101110
111110100
111111011
100101110
011110100
010111000
110111000
001100010
111110110
010010101
011000011
111101011
111110000
110101111
111101011
010010000
111001011
011010000
111110100
101110100
010101111
111010101
010010000
110111011
110111000
011101110
111110000
101001100
010101100
011110101
101001100
101001100
111110100
111111100
111100100
101101100
000111100
001101110
001000100
101101001
110110001
111110110
101001101
011010110
011000000
011110111
010111100
110000000
110100000
110111000
010000000
110111100
101001100
111111010
001001010
010111100
010111100
001000010
100111000
011001010
010011100
100111000
110101011
110011100
000101100
110111000
010101100
111101011
001000010
111110100
111110100
011110110
010000000
111101011
010000000
111110100
100111100
101000010
001000010
010100000
110110000
010000000
111101110
101001100
111101011
101011101
010100110
001011100
101001100
111101010
001010000
010001110
101001100
010101110
010100000
111110110
111101011
110110100
101001100
111110100
010101110
111101011
110111010
010111100
111101011
111010100
110111100
110110100
001011001
010111110
101001010
111001011
010111000
101001100
111110100
001001101
111101011
001010010
110101110
001001100
001100010
110111000
111101011
001000010
010000000
010111100
111111111
001000010
111111011
001010011
110111000
001010010
001100010
010101001
100101000
110111000
101001110
011101011
001100010
111110000
001000010
101001100
010101110
110111000
111110110
010111101
001000000
010011100
010101110
001100010
001000010
010101010
000110100
000011010
111110100
010110100
111111100
110000010
111110100
101101100
111111100
111101011
111110100
110111000
111001001
000011000
010101110
110011000
010111100
101000100
010111000
110111000
101011000
101001100
010000010
101001100
011000010
100001101
010111100
010000000
110110100
101001100
011110100
110111100
111110101
010010100
001100010
010111100
111111000
010111100
010111000
010101110
010000000
001010010
110111110
111101011
010101000
110111000
001000010
010111000
111110100
111101011
010111110
101000100
100001110
110010000
111110100
110101000
111101010
010111100
111101011
000001000
000000010
010101110
011000000
010101110
101110100
010111100
110111000
010101110
010100010
111010100
010000100
001000000
101001100
011101001
101000100
110111000
000111100
111110010
110110000
110001110
101001100
010100100
101000100
111110101
111100100
010111011
110111000
101111010
001010110
010101110
001010010
010000000
101001111
010001110
101011101
010101110
010111101
111001011
110101000
101001100
111111011
000000000
001000100
101110100
010111110
010010000
001010010
001010100
110101110
111101100
111010110
101001100
011000000
000000010
010101110
001000010
011101001
010000000
101001110
011000010
011101011
110111000
101000000
101001100
010011100
000000010
110101010
101011110
010111000
111110100
011111100
010000000
010101110
111101011
010101010
000000000
011101010
001001100
100101010
101001000
110111000
001000010
110111001
111110101
010111100
101000010
011111100
010000000
010111100
010101110
111101000
010101100
010111100
001000000
000011100
011101011
001000010
001000010
111110000
011111110
010001110
001000010
111110000
101001100
110111010
001001010
001000000
111111011
111111101
001010010
011000000
011100001
111101011
111110000
010000000
010111101
101001100
110111000
001000010
111110110
101001100
010111100
101000010
101001100
110111000
101001100
110111000
010111101
100001100
010000000
101001100
010111000
110111000
111101011
110111000
001000010
011100000
011110100
101000100
010000001
010101110
110001100
110111000
001000010
010111000
111101011
010101111
111101011
111101011
000000110
001000010
111001100
111111100
010111110
110111000
101101100
011111100
101001000
110111000
111101100
010100110
111001001
001101001
111100100
110111000
111101010
111101111
111101010
101001100
100101100
111110011
010101110
001001010
101001100
110101011
010111100
110110000
101001100
101000000
001000010
110111000
110110010
010111100
101001100
000101110
010111100
000111100
010000000
101000100
010101110
111101011
010011100
111110110
110011000
011000010
010000100
110111000
000111100
101001110
101001100
010101110
011101001
010000011
101000100
010110100
111100111
010000000
111111011
101000100
001000010
011110101
101001100
011000010
110111000
010111101
010111100
111101011
110111100
010000000
101101011
111110100
010001001
000000000
111110100
101101110
010000001
010111100
010000000
110111000
010011110
000101010
001000110
001001100
111110101
010000000
010101011
111101111
010101110
010101110
010111100
001011100
111110100
010111100
010000000
010000010
101100011
010000000
010111000
010000000
111100100
110101011
110111000
110111010
011000100
111111000
011100011
111100011
001000110
000011100
101001100
010010110
111101011
010101100
001000010
010111100
100001100
111110100
010101100
010111100
010100000
001000000
110111000
010101100
101001100
110101110
010110100
010000000
111110100
010111100
110111000
010100000
001000010
111101010
010101100
110111100
110111101
010000110
110101011
111001001
001000010
110111100
111110100
010000001
010101111
010111100
111101011
101001100
010001111
110110000
111100111
110111010
010010111
010111100
111101011
001010010
111110100
001000010
101000010
101111100
101001110
101000100
001010000
111111001
010000001
110111001
001000010
010001110
110111111
010111111
001000010
110011000
101000010
110101100
111010100
110000000
011000011
010010101
010101110
111110100
010011100
110111000
100111000
001000011
001000010
111110100
010000000
100001000
001000011
001010010
111001011
101001100
001001100
010111100
101001000
101001000
111101011
010111110
001000000
111101011
100101100
000111100
011110100
010000000
101001000
110111000
010101110
101100011
100110100
111110100
111101110
001000011
010101000
110111000
111101010
111110011
010101100
100111000
110111000
010111100
001001101
101001100
101101110
110111100
000000011
110101000
111110110
010111101
111110100
010111100
011000000
101001100
010111100
100101011
001000010
100001100
110011100
111101111
101001100
111101011
010101110
101101100
010111100
010111101
010000000
010101010
101101100
110001001
101001101
111110100
110011110
111111000
001000010
111101011
010100100
110110100
110111000
000000110
010100000
111010111
100111000
110111000
111101010
001000010
001000000
101001100
110111010
110100101
011000010
110111100
010000100
111101011
110110101
111110001
010000011
111110100
010000000
010000000
101101011
110110001
010010010
001000010
010101110
111101011
110101110
111101011
010111100
011101110
101110101
110101001
100111001
010101110
110101000
001101011
100111000
100101111
110111100
110111000
111101011
010101110
110111001
110101011
000111100
011101010
110111000
110111000
000100010
010101100
000101110
010111000
011000010
010111110
111110110
010111100
010111110
010000001
010000100
010000000
110101000
110101011
010001110
111110110
101001100
010111000
010000001
111101011
111111000
110101011
101001101
111110000
000000010
101011100
101001100
111100001
111110100
111110100
010000000
010101100
010111100
101001100
101001100
100101001
110111000
111101001
010101110
010111110
111001100
010111101
111110100
110111100
011111100
011101110
010101100
001000010
101011100
010101110
111100110
111101011
010101010
000111110
101000010
010000000
001000010
111110100
111110100
001000010
101000100
010010100
010101110
011000010
001101100
001000010
111101001
111101011
111101011
010101111
110101110
000111100
111111011
001000011
110110100
110111000
110110110
010101110
111110100
101011100
111111000
110111000
010101110
101001110
111110100
010000001
010100000
101101100
010110110
111101111
010011110
111101010
110111010
010000011
110111000
011001000
110111000
011100011
101110100
010101100
111101101
010111100
000101010
001000010
110110000
001001000
010000000
110110100
001100010
111001100
110100110
010100100
010011110
011101011
010101010
111101011
111110100
110111000
001100010
110101011
110111011
010101110
010110100
001000010
101001000
010101110
000000000
000010001
111111011
100111110
101101100
110111100
110111000
101001000
110101111
110111000
111101011
110111101
010110100
110111000
010101100
010000000
010101110
010000000
111010000
101011100
111110100
110000000
101101110
101001001
001100010
001010010
111111101
110111100
111111101
101000010
001000010
001000010
110111000
111110100
010000000
001000010
101001100
010101110
010111100
101110100
110011000
100111100
110101011
110101000
101001101
001010010
000001100
100101010
010101100
010100100
001000010
001000000
010110100
010101100
001001100
010000100
010001001
000001100
110111000
000111100
101001001
000101110
010101110
101011100
001100010
101101011
011111001
110111100
111110011
110000010
010111000
110000001
001000010
101001100
010111100
101110100
010101110
111101011
011000000
110111010
110111100
010101110
010001010
010000100
001000010
111110100
110110100
000111100
101000010
101000010
010111000
001000010
000101100
000000000
100111000
101001111
010000001
001000110
010101100
111110100
010000000
010000110
100011000
111111010
111101100
010111100
101000011
111101000
101001100
010101101
011000000
101001100
010001000
111001011
111101101
001110100
010111101
101001100
010111111
001000010
111101101
010101100
010111100
110110100
101011110
011000010
110101111
000000000
010100000
101001110
100001110
010111110
111001111
011000000
111001100
011111110
111001100
000000000
010111100
101111101
001000010
001101011
010111101
001000010
111111000
001000010
000001100
101001111
101101010
110111010
010101110
110111000
011101110
010111100
100111000
001000010
001000110
010101110
010111100
111110100
111101011
111110000
110111000
001001001
101001101
011101011
010101110
110001011
100101110
010101011
001000110
010101100
010101110
010101110
101001000
101111100
001000010
101000101
010101100
010101000
010000000
011000010
111101111
010100110
010101110
010111100
010111100
110111000
111010111
011111100
011000010
111110101
111110100
111110100
010000000
010111110
111101010
010000000
010101100
110111000
110111011
101001100
001000010
111111010
111100011
110001000
010101000
010001001
101101111
101110100
000101110
000000000
001000010
111100011
001000010
101001100
000100110
111001011
010001100
110111000
110011000
100000100
110101100
111100011
010101110
011101110
011000000
111110100
010101100
101001101
111111100
111101011
010000010
001000010
111110000
111100011
111110100
010111110
010111000
111001001
011110100
010100000
111110100
101000100
111110100
111101011
111101011
101001100
001001110
011101110
111111011
010101110
010111000
111110100
111110100
101001000
010111100
111110100
110111000
101101100
010000000
101000010
010101110
111110110
101011100
111110100
111001111
001000000
010111110
100001100
010111110
010111100
001000000
000111110
010000000
010101110
001010110
111110100
010100100
010011000
010000000
010101110
001001100
001010010
010111110
001100010
001001010
110111100
010111000
001111000
010000000
111110100
011111100
