010101110
010000000
110110100
010111100
111101011
000000010
010000000
001100110
001000010
000101110
000000000
001000010
000101110
010111100
100001010
010101110
011111110
001000010
111111000
010100110
110111001
010101110
111111000
010000100
000101110
010101110
001000010
111111110
111111011
010011110
001000010
111010100
111110100
111110100
111101011
100001110
010000000
011000010
010000000
110111000
110000000
011010000
110111101
110100001
010000000
010111100
110101110
011101011
111001101
111110101
111111000
100001000
010111100
101001100
110011000
111111001
101110100
110111110
111110110
101101011
111100100
011000010
011100110
010111100
010000000
010010010
111110100
010101110
010010010
110111000
101011100
010111100
010101111
010000000
001000010
001000010
010101101
100011000
011111011
110101110
111101011
101000010
010101110
111110100
010000000
101101100
010000000
101001100
111111000
001010010
111101011
010000000
110111000
010111100
100001100
010111100
111110100
100001100
101001100
101000100
011000000
010001110
010101110
111100011
011111000
011100110
110101000
111110100
010010000
111101011
111100110
010010100
010000000
111110100
010101010
001000010
001100011
010101110
000111100
010111100
101001100
110111100
111101011
111101011
111110100
010111101
110111100
101101011
000111100
010000000
010000010
010001000
010000110
010101110
010000001
010011010
010001110
101110100
010101110
001001100
111110000
010111100
111111000
110011000
010000010
001010010
111101011
010101110
001000010
110011000
000010000
001000010
110111000
010101100
110111000
101001100
001000010
111110100
010101110
110110100
101110100
010111100
111101011
001000010
010101110
111110100
010000001
010111110
111101010
010100000
010101110
010001011
110111000
100111000
010111110
111101011
110011000
001010010
111110101
110011000
111100011
101001100
111110111
010111010
011000101
101000100
010101110
100111000
111110100
110111000
010000001
110111100
001000010
010000000
010111100
101101100
010000000
101001100
101001100
111110100
010101110
111110100
010101100
111101011
110010000
101110000
010111100
001000110
011001011
011100011
101001101
001000010
011110100
111101011
111101011
011000010
100111001
111101011
111111100
010011100
101001100
101001100
101001100
010100110
110111001
101001100
101001010
001001100
110111100
010111100
101110100
010111110
000000110
111101011
101001000
001010110
011001100
010000001
111101111
011101011
010000000
111100100
110010001
010011000
101011100
010000000
110111010
010111110
111001101
001000010
010101110
011100011
111101011
001000011
111111101
000101110
010000000
100111000
101001001
011111100
001100011
110101110
110111000
110011110
111110000
010111100
010111100
010101010
111001100
001001010
111110100
111110100
101000000
011000000
011000000
111011000
111110100
010000000
111001010
111100100
010111100
010111100
000000110
010101000
101000110
101001100
110110110
111001011
010111000
010101100
010000010
011000000
010000000
101111011
001000010
110011000
001000010
111001100
111101001
101001110
111110101
010110101
011000000
010000100
101001100
010111110
111111000
101001100
000000010
010000000
110101010
111101010
101001101
111110101
111101011
110111000
110101000
010111000
000101110
101001100
110101011
111101011
101001100
011000000
001000010
011000000
111110110
101001100
110111000
111110100
010010010
010100110
110111000
000101110
010101110
111001011
111011000
010000000
000000000
111110100
100001100
100001000
110011000
110111010
010110100
101000100
110111100
010111100
101001100
010101111
111110100
001000000
110111000
100101101
101110100
010001000
111110100
011101111
110110100
001000010
010101110
111101111
000001010
010111000
010000001
010101110
101100100
111101011
101000100
111101111
110110001
111110100
010000000
111101011
110111000
111110100
000111101
001000010
000000010
000000000
010011000
101001100
010111100
001011000
110111000
001100100
111111011
010101110
001000001
010000000
000101110
010001110
110011000
010111000
000000010
010101110
010101111
010101000
110111000
001100010
101001010
000101110
011100011
110111010
010101110
001000011
101001100
111111000
110111000
011101010
101001100
010110010
010111100
111100001
111101011
101000100
110111000
111100100
101001110
111110100
101001100
101000100
110111000
101011100
111101011
110111100
101000100
110110000
111101011
010111101
010101110
111100110
001000010
100111000
001000000
110110011
111110100
111110100
010111100
111101011
110000000
010001010
001000010
101001100
010110000
111101011
111110100
101001100
101010100
001010010
010101110
111001100
011111100
010101110
101000010
100001000
011100110
011101001
101001100
111110100
111101011
101000100
001000000
111101011
101110010
001001100
111101011
100111000
010001110
111001011
010101001
111100100
101011100
010101110
010101110
010101000
010000000
010010100
010110100
010101011
010111101
010101110
111100011
101000101
010000000
101001100
010100000
110111000
011000100
111110100
001000010
010000000
110111000
010001110
001000010
101001010
111110000
011011100
100001100
000000000
111000000
111111100
000111100
010000000
010000000
111100011
111111000
111110100
010000100
010101110
110101011
010011100
111110000
010111100
010011000
010000000
111110101
001100010
111111000
001000011
111010000
010101110
111110100
111110100
111110100
010101000
001000010
111111000
101001100
010000110
011101110
111110000
001000010
101001101
000010000
010111100
110011000
010111100
110111000
010111110
101001100
010111100
011110100
010111100
010011000
001100110
110101010
010000000
000101110
111110101
010000000
001000011
101001100
010111100
110111000
101001100
101001100
110011000
010000000
110111001
010111100
110111000
101000011
001000011
010001110
010111100
000000000
101000100
001000010
100111000
111111001
111110000
101110100
001000010
010111101
010101110
010000001
111101011
010111000
010100110
110111001
010000000
110101010
010101110
101001100
010111100
111101011
010000100
111101100
001000010
001000000
111111100
010111100
101000010
001010010
111110100
011110100
110111100
101110100
010000000
101101100
010011100
110000000
100111000
001000010
010101110
001100100
010101110
111001001
000000010
010000100
111101010
001011100
010101100
010110100
110011100
111111000
011110110
101001100
111110100
110110100
010101110
111001011
010101111
001101001
010101100
010111100
100000110
010101110
110111100
010111100
111110100
111110100
111010101
111111100
010010100
001010011
010111000
101001100
010001110
110111000
101001101
010000000
001101000
101000010
111101011
001000010
110111010
101000101
111110100
110111000
001000010
111111100
101001100
111110100
010111100
001000000
111110100
010100000
010101100
111110000
111110100
110111001
111101001
110001000
101000010
010000110
010100110
111101011
110111000
010111100
001110000
001111101
010101010
001000110
010101110
001000000
111110100
111110100
010111100
010111100
010101100
001001011
111001100
010001111
111110100
011101000
010111000
100100000
110111010
101001100
010001000
111110000
101001100
010000000
110111000
000101100
010110100
010111100
000000100
010101110
111101111
101001101
010010000
001000010
110111000
010111100
001100010
111110100
010000000
111100011
110000000
000111100
010101110
111001100
101011100
001001100
010000100
011101011
001000010
010101110
101100010
000111100
110111000
101000010
111010100
110111000
011101011
000101110
010001000
010001110
101101011
101001010
010000010
001000010
110110100
111101011
111101001
110111000
010000000
001001011
110111000
101001100
010011110
100001100
111110100
001001010
101001100
111110100
010101110
111111100
010011000
010100000
001000000
010100000
011111011
011101010
111110000
010101100
001001010
011101011
100101000
000100110
110101011
111110000
010110000
101001100
111101111
110111001
101001100
001001010
010000010
010111100
101010100
010000100
001000010
111110110
111001101
110001110
110111000
111101010
111101011
001110000
010011001
111110110
010111110
001100010
110101000
011101100
010101010
010110100
110110100
010101100
111101100
010000000
111000100
010010000
111110100
000011100
010000000
000101110
111011100
010101110
010111110
010011100
010101110
111110100
110110100
010111001
000101110
001000011
010111001
010101100
110000000
101001101
010000000
011111100
110111100
001000010
010110000
010101010
111011100
011101110
110111000
110111000
111101000
010100110
110111000
110111000
000011100
011101110
110011000
101011100
111101111
010011000
110011010
101100100
100001100
110111000
010101110
110011100
011101011
010110110
010001101
101001100
111101011
010000000
111101011
001000010
111111011
011101011
010111100
111101011
001001010
001000010
111100111
010000110
010111000
111100100
101101100
110111000
111111011
010000111
011100010
000010000
111101011
111101011
110111000
010000100
110101011
100001110
011101011
011000000
000001000
010000000
001000000
110111000
111110000
001101011
111010100
010000000
001001011
010101110
111001011
001000010
010000000
111100001
001000010
111101011
111101011
101001110
010101110
101011100
110110101
001100011
001000010
010111100
101001100
111110100
111101010
110100110
111101011
010111100
111101100
110111010
010101110
101011000
010111100
010101111
111110100
110111000
101001100
111110000
111110100
001000110
001000011
111110100
010000000
010101110
101001000
010100001
111111000
011101111
101100010
111101011
010111100
111000100
111111011
110111010
101001100
110111000
000111000
111110100
110000000
001000010
011000010
101001100
010011100
001100010
110100100
111110100
011101110
110110100
010011000
111100101
111111011
110000100
011000011
001010100
111110001
010110100
111101011
000101110
010111100
111001000
001110010
001000010
010101110
110110100
010111100
101010000
110101110
001000010
010000000
010111100
010000100
110101110
010101110
101101011
110110010
110111000
111100011
110001110
010110100
000101110
010101110
110110000
111110110
000111010
010000000
001010000
001010010
010000000
011111101
010111100
111110101
000010000
111101001
101001100
010011100
111001100
111110100
000000010
111110101
001000010
001010010
010111100
001010010
010101010
101011100
111101011
010010000
111101011
111110100
010101110
110101111
010000000
010101000
111001111
001000010
110111001
111111000
110111000
111001100
000111100
001000010
011110010
101001100
110111000
010101000
000101110
010111100
111101011
011000010
001000010
101101100
101011000
011110100
111110100
111110100
000101010
111101001
101101011
110110100
010100000
111011100
111111010
101101011
001000011
110000100
111101101
111100100
101000000
010000000
001101011
101001100
001000011
011000010
111110100
101001001
010101110
010000000
110111000
001000010
001010011
101001101
000001010
001010010
111101111
101111100
001000010
111001100
111101111
001011010
101000010
011101110
010111110
101110100
110011000
001100010
010111100
101011100
110111000
101101011
101001100
101001100
111110101
101001100
001000010
110111000
010101110
111101011
001000010
110111010
011100100
111101011
010001000
110111001
010100100
110111000
010110100
010101110
101001100
101001100
010000000
110101100
011111100
010111100
001000011
111111100
110111100
001101110
111110000
111111100
100001100
011110101
110111000
101001110
010111100
010001100
101001100
111111011
111101111
010101110
001000011
111110100
101001100
001000010
010101110
111100100
001000010
010111110
001000110
111101011
001000010
111110101
101001100
011000010
010111100
110111000
101001100
010111100
101001000
101001100
010101110
111101111
110111100
010111110
101101100
101000010
111101010
010101111
011001110
110010100
010111100
111110100
101001011
010111100
111110100
101110111
111101011
001000010
010100011
110001110
001000011
111101011
011000000
111111011
110101001
001001100
010111100
101001100
010101110
010000000
111101011
011111110
101010100
101001010
010111100
110111101
010001010
111101011
110101110
001000010
110110100
010111100
111101011
010110100
111000010
001000010
101001100
001001011
111101011
010101100
111000100
110111000
010101010
010111100
111110110
011110000
001000110
111101011
110111000
110111000
010000000
100001100
010101100
110111000
010000100
111110100
010001110
101101100
011101110
111110100
110110000
011000111
010111101
010101110
110111100
010101110
110111010
010000000
110111000
111101011
110111000
010100110
110111010
101011100
010000100
111110100
101101100
110000100
010010000
001010010
011000000
111101010
010101110
110111100
000101110
111100011
111101011
000101110
101001100
100001100
111101010
010111100
010111100
010011100
001010011
010111100
100111000
110111000
110011001
111001011
010111100
111100110
001000011
111101011
010000000
010111100
000000010
010111100
001000010
110111000
010111101
110101011
110101110
101000010
001100010
010101000
111110100
101001010
001100010
110111001
101010010
111110100
010011100
001001110
011000110
010010000
111110101
101101011
111111001
101001100
110111000
111110100
111101100
111110111
001100010
000111110
001010010
101101011
110110110
010111000
010001000
110111100
110111000
100001100
111110100
010100000
110111000
010000000
010111110
001000010
010000000
101101100
111101011
010110100
111101111
011101110
010111100
110011000
111110101
110111000
110101011
111011110
010101000
101001100
010101110
101000100
010110100
101000000
010111100
011101100
110111000
110111010
110011110
011110000
011101110
001010010
100001100
101001100
011110110
101001100
110100100
110111000
010000000
010101110
111110100
000000010
110111000
010111110
101001100
011000000
110111000
011101100
111010100
010000000
010001110
111101011
110111100
100011000
100111000
010000000
011111100
111110100
101001100
100001100
010100000
010111100
110111100
101001101
010101110
011101110
110111000
001000010
001000010
111100100
101001100
010000000
110111010
011000000
000001000
111101000
100101000
110000000
010000000
010101110
011111011
101001101
111110000
010111100
010111100
110000000
101001100
001000110
111001011
111101011
001110110
010100010
111001011
111100011
010101111
110101010
010101110
110111110
101001100
101001100
010111100
111110100
011101011
001000011
001000010
010010000
010101110
101101011
110111110
111001100
110111000
000101110
000001100
010101011
101001100
001100010
010000000
101001100
101001100
010101110
010111100
110111000
111001001
010111100
110011000
101000010
110111000
101001100
110111110
001001100
010101110
111101011
000110110
011101111
100001100
110011000
110111000
111111011
010101110
111001001
010101010
010000000
011110100
000010010
110101110
111110010
010110100
001000010
101001100
110111001
110111000
101001100
111010100
010111100
110110110
010001001
010111101
111110100
010101110
010000000
011111110
010110100
101001100
011100010
011110101
110101011
110111000
111110100
010100110
010101110
010101110
101011100
001100010
110101110
001000010
010101110
010111000
110111000
111101011
001111110
110111000
111110000
111101011
010011100
101001000
101001101
010000000
010101110
010101110
110010101
010111100
110111010
001001110
101001101
011111100
111101011
011101011
110000100
111100100
110111000
000111100
010001000
100001100
101011100
101000010
101101111
101000100
110111000
110110000
010111100
000101111
110111110
101101100
010101110
010111000
010000000
001101010
110101110
101001100
110011000
011001100
101001100
111110100
101001100
010111100
101001100
110101000
001000000
010000000
010100000
111101011
011000000
010101111
010111100
010111001
010101100
010000000
111111000
001000010
110111001
101001110
001001100
001000110
111101111
010111100
010000000
001101001
001001100
110111000
001000010
110111000
010101010
010000010
101001000
110111000
110011100
001000010
010101100
010000000
010101010
011000110
001000011
111101011
111110100
010101110
111111000
010101110
010011100
111110100
010101110
110111000
110101011
110110101
110111010
101000100
101011101
001000011
001000010
010111100
111110100
010101100
010000011
111110100
000000000
101001100
000001100
010100000
111101011
010000001
111101011
110111000
010111110
001000010
001000010
010111100
010110000
011111101
010111010
010000001
000000100
010111100
111101011
010101010
111110100
111101011
110110100
010111110
101001100
010111101
010101100
010101110
010011100
010000001
001001010
010011100
111101011
110110000
111110100
001000010
110101011
010101110
011001100
111111100
011000000
111110001
000010010
110111000
010111000
110000000
010111100
111001011
010101010
111101010
101001100
110111000
010001110
110101000
101000110
010001000
101000000
110111100
101001110
010111100
111100100
010100110
010100000
010001000
111101011
001000010
010111100
100001100
010110100
010000000
010100111
011000000
010111100
111101011
010101110
011101110
111110100
010111100
110111000
111100011
001000010
010101110
111110100
101001100
010000000
010000000
010000000
111110100
001110110
111010110
101101100
111111000
110101100
010111000
010000000
111110100
010000000
110101000
111100010
111111011
010101110
010000000
010001000
010101110
000111110
101101100
110101010
010111000
110110000
001000010
010111000
010101111
001000010
111100011
110101001
010011100
010101100
111101011
110110100
001000010
010111010
001100010
010011100
110110010
010101110
111110100
001000010
111110100
000100001
101010011
110111010
110111001
001001010
111110100
010101100
101001100
111101011
100000000
010110000
010111100
111101011
010101110
101001000
010000000
010101110
001000010
111110100
010000000
010000000
000100110
001111000
111100011
101000000
001000010
101001100
110111010
010000000
110011000
010011100
010111100
111110100
111110100
111110110
010101110
110111000
110111000
111101011
110101011
111101011
111110100
010000010
010000000
010110101
111010100
110101110
101011100
010101110
010101100
101001110
110101100
111110100
001000010
101011100
101001110
110101011
011100010
110000010
110110100
001000010
110111000
000111100
111101011
010101100
010111100
010100110
010011100
001000010
101001100
100011100
010101100
111111100
001000010
011101011
010101111
010101010
101001100
011101001
010000000
011000010
111100100
110000000
001000010
111111011
001101110
010111101
010111100
111001100
110111000
101001011
111110101
010101110
101000110
010111100
010000000
110101011
111111100
000111100
111101010
101001100
111101111
010000000
011110100
111111000
101001100
000000000
111101011
010101110
111110100
010111110
101010100
010101010
101110100
101101011
010010011
001110010
010101110
101001110
011111110
111110100
111101011
010101100
001001100
010111000
110111100
011100000
101001100
111101011
010111100
001000010
010101110
011101011
010000010
010111000
111101011
111111000
110111000
110101110
010101111
110111000
111100011
001001000
010111100
100001110
111101011
010101011
001000010
111101011
110010100
000101110
010111110
010111100
010000000
111101011
010000000
001000000
011000010
010101110
111111000
111110100
010111100
001000010
010001110
110111000
111111000
001010010
010000011
111110100
010101110
111101100
110110010
010001010
001000110
111101011
110101011
111111100
001001010
010110101
101110100
010101100
111100100
111010100
110110100
000101110
111110000
011000000
110110000
010111100
101000010
010110100
100000010
010010000
010101110
011110100
010000100
111101011
001001100
010101110
010101110
010000000
111110100
010101100
010000000
010000000
111001100
010101110
010111100
110101011
111110100
001000010
010000000
010000000
110111000
101101100
111010000
000000000
010000000
011101100
101110100
110110100
101001110
010111100
000101100
010101000
001000110
111110100
111110100
101001100
111110100
101001100
011100100
110111000
010101110
111110100
100001110
111100011
110111000
110101110
101001100
010011100
010111001
010111110
011000010
010101100
101001100
101000010
010011100
010000000
111110100
101001100
000010010
011101110
011001000
011110100
010001110
111110100
010000000
111101011
010000000
000111000
001000100
111110101
010111010
100111000
100001100
111001100
010001000
010111101
111101111
110101110
010011000
110110000
111100110
010111100
011100000
110101110
010101110
010101110
110110000
111100011
101001100
010101111
110110100
010101100
001000010
101011100
000000000
101111000
010111100
101001000
010101100
101111000
111101010
010111100
101000100
111111011
101000100
010000000
101001100
010101011
000111100
010011100
000010000
001000110
010111100
010111100
110111000
000101110
010001110
001000111
010000001
110111000
011101010
101001100
110111100
001011011
010001000
100001100
010101110
010011100
111110100
010011000
111110000
110111000
010101110
000001000
010000000
101001100
111110100
101000110
110111000
011101110
110111000
001000010
101010100
010101110
111101000
000000010
001100010
111101011
010000000
101111100
111110100
101100100
011010100
010111101
111101011
000100000
111110100
110000000
111101011
110110000
011001010
110111000
111001100
000000000
010110100
111100011
110111000
101101111
111101011
001001010
111111100
110111010
111101111
111110100
001000010
011101011
010000100
101110100
101011100
010000001
111111110
001000010
101101001
010101110
110111000
010101110
010110110
101001100
011000010
010111110
100000100
010000001
111110100
010101110
010111100
010101011
111001011
110111000
010000001
010111100
110110000
001000000
010000001
001000110
011101110
101001100
111101011
111110100
111110100
001000010
101001100
011000000
110111100
111111000
111101011
110101000
110100000
010111110
010000000
111110111
001000110
010111100
111111101
001100011
101001100
111110100
010101110
010011100
000000010
000101110
111110100
011001010
010100010
001000110
110111000
110111100
111110100
010011100
010111100
000000011
001000010
010001110
000000000
111111100
011110100
111010100
011101011
000100110
011110100
101001100
110101111
110101011
110001110
010000000
010101110
010111101
101001100
111111000
001110010
110111000
010111101
110111101
010010000
101001101
011101010
111110100
010000000
111101011
001000010
111110100
011010100
101101100
010100000
111110100
111110100
010100110
111101011
010111100
111110100
001110011
110111100
010000000
010111100
111100011
001000010
010101110
111110100
110110010
010111100
001000010
010010000
000000010
101001100
110111100
010101100
001000010
101001100
111110100
010101110
111101011
001000111
111101011
101000011
101001110
101001010
011101110
001000001
010000000
010000000
000101110
101011100
111110100
010101010
000000000
110111000
010101010
110011000
111110100
101001001
100000010
111101011
101001110
111110110
010111000
111110100
110111000
101101011
011101110
110001110
111111011
000000100
101101100
111101011
010000000
111100100
111110100
101001111
111101111
010000000
000100010
101001100
101001000
111100100
101101100
000100011
001000010
010111100
010101111
111110100
110111100
111111011
110100000
010101110
010000010
010111110
001000010
011100011
111101101
111110100
110111010
001000010
010000000
101001100
010100000
011000000
100111000
010000000
110111000
010111100
111101011
111101011
101001100
001000010
101111011
010111100
010001000
100001100
000111100
001000010
010001000
111110100
001000010
110101011
101001100
101001110
110111000
010000101
010001010
111101011
010000010
001001100
101001110
001010010
010111100
000111100
001001011
010101110
101000010
110101110
101001100
100110110
110111001
000100110
001000010
011101110
010111100
010111100
010010100
101011100
100001010
010101110
110111000
011110101
101101100
010101110
101001000
010111101
000101110
001000010
001001100
101011000
101001000
111101000
000000010
001100110
010000000
000101110
101000010
111110100
110010000
110111100
010101010
010100000
110111000
010010000
110101011
111101111
001000010
010101110
111101100
111110100
000000000
000111011
111110100
111101011
111101011
110001000
001000010
111110100
110110000
101001100
011001010
110111000
101000010
101001100
111101011
111001001
010000100
111100010
101001000
001000010
010111110
011111011
000111100
110110010
010101110
101001100
010000000
111101001
111001100
010100000
010010000
010101100
110111101
111101011
010000100
010010000
110101000
001001010
111110100
111111000
111101011
110101011
000000010
001000010
001000010
011001011
101001100
100111000
010111100
110100000
010111111
111110100
001110110
001000111
000111100
010101110
001000110
010000000
001000010
111101001
010101100
010111100
010000000
111110100
111110100
010000000
010000000
111110100
010000000
110000000
111101011
000001000
010010100
001010010
000111100
101011100
001000000
010110100
111101011
110111011
101001100
110111000
111001100
010000010
010101110
111011101
111101001
111101111
010111000
011101011
101000010
110111100
010111000
101100011
001000010
001000000
110111000
001000010
111111011
010000011
100110101
010111100
101001100
001000010
110111010
010100000
010001110
111110100
010101110
001000010
010000100
111101010
111101011
111101000
110111100
000101011
111010100
010111100
111111000
010111100
101011100
111110100
110101000
101001100
010101110
101111010
011000110
010111100
011110100
011110100
010101100
010100111
111110100
110101001
011011100
101101011
111101011
000101110
010000000
000101111
110101000
001000010
010111110
111101011
010111110
011101110
111111110
101000110
010111100
111101100
111111000
010010000
101001100
101001100
101001000
110101010
010101100
110000000
010001000
111101011
000000010
110111000
010101111
111010100
001000010
010111100
001000010
001100010
100101100
110110110
010111000
001101010
110001110
010101110
101001000
111100100
010000100
101001100
011111100
110111010
011010000
110000100
111101001
110101010
011000010
111110100
101101000
111100100
001001010
100101000
100011100
111100011
011000010
111110101
001000010
111110100
111110100
110111101
010000000
111100100
100111010
101000100
110011100
111101100
010000100
111110100
010000010
110111000
011000000
111110100
001010110
010101010
001000110
001101010
110111000
010000000
111111000
111001011
001000010
100110001
110001000
111110100
111000100
011110100
010000000
011000000
111110110
010000000
001001000
101001100
110111000
111010110
111101011
010100110
010000000
010000001
001000010
111110100
001000010
111111011
011000000
011000010
110111000
011000010
011101110
001101110
110111000
010000000
011000010
001000010
101001100
111111110
001101100
110111100
111111000
000001000
001000011
010000100
111100011
110111010
110110011
111101011
010110110
010000000
101000110
111110101
010100110
110001100
010100010
010011100
001000010
111110000
001000010
110101001
101110100
001001100
010000000
010111011
111101111
111010000
010111010
111110100
111100100
110111100
010000000
001001100
010101110
001000011
111110100
010111100
111101011
011110000
011110101
000111100
010101111
101110100
101110100
010001101
000101110
010101110
110111100
110110101
110111000
110110100
100001100
000101110
010000000
101101100
010111000
010000100
110110100
110111100
010111100
010000100
101001000
000111100
011010010
111111100
110111000
010101110
010101100
110110100
111101011
010111110
010100000
111110101
111101011
110111010
110111100
010111100
110101110
010100000
010111100
110101110
110000000
110111000
101001101
001000010
010111100
110111101
010111110
011110110
011000000
010011100
111110101
110111100
111110100
010111100
110001111
101001100
101001100
100101100
110111000
101110100
111001011
001000010
110110000
001100100
110111000
110111000
011100110
000100010
111101100
001000000
101001100
010000000
110110101
010101010
111111100
001001110
111110000
101111101
001000110
001000010
000111100
111101011
110111000
111101010
101001000
111110100
101011100
010110100
001000010
000111100
110111100
010101010
000000010
010110100
110111000
111101011
111110100
110111000
101001100
111111011
111110100
010101110
010011110
111101011
000010010
111101011
010000000
101001100
001000010
001010010
010101110
010111100
001000011
111100010
111101011
010001110
111101011
111111100
010010000
101101101
010010000
110110100
000011100
111001011
001101110
010000100
111111011
111101111
111110000
000000000
101000010
110111100
101001100
101101100
111101111
010100000
110110101
000010000
110111001
111110100
010110100
110111000
011101100
000101100
010000000
001001101
100111001
110111000
001010010
010000001
111101111
111111000
101111111
010100000
100111100
011111100
010000000
110111100
010111100
010000000
001100000
110111000
111001011
110111010
111000011
111011100
001000000
100101110
110101011
000000100
010101111
010111100
111101011
010100110
001000110
011111110
111010100
001000010
010100000
110111000
010101110
010101010
111111100
010100100
011000001
001000010
010101111
010111100
110111000
111101111
000111000
111111100
001000010
111101011
111101011
110111000
110111000
100001100
010111000
000101110
101001100
111010100
011000010
000000001
110001110
010000010
111110100
010101100
101111100
110111000
111101011
110111001
111101011
001000000
110111000
100111000
011000011
010101110
001000010
000000000
110101011
001010010
110111000
001000010
101000010
110110100
010101110
111101011
111111000
010100100
001000000
001010010
010000001
010101110
111110100
111110100
010110100
110101100
110101110
000000101
101110100
011101011
010000000
001001010
101001100
111111000
001100000
010111110
000000100
010101110
111101011
101101100
010101110
001110100
111101011
111110100
011000010
110111000
101101011
101001000
011101001
001000010
001000000
010100001
010111100
011000010
000000010
101001100
001000010
010011100
101101011
110111100
111101111
010100110
111101011
001000010
010001100
010111100
010000000
010010001
001000010
000000010
110111000
010101101
010010100
010101110
111110100
110100000
101001000
110111000
010110100
010101001
010101100
111001011
111101011
111111001
110110100
101001100
010111010
010111100
010111100
000000010
010101110
101010100
010101110
111110100
011100010
010011100
110111000
101001100
111001011
010001000
110001100
010101110
110111100
100101100
010101111
010101110
101001100
010111100
010101100
011000010
111101011
000000001
110111011
010011100
110111000
111101011
011001011
010000000
010111110
010111100
111100000
110110100
010101010
011101011
010110100
001100010
010111100
110111000
010111000
010101110
111100000
001000010
010101110
010000000
110101110
011101100
010110100
011010010
010101100
110111001
111111100
101101001
010100010
010000000
110011010
111110100
010000010
111101011
001001101
100011100
010101110
010000001
010101010
011000000
110100000
010101110
110011000
101011101
110101011
110111000
101001100
