100000
001000
010100
011111
110101
111001
010111
001000
010101
111110
010000
011000
111110
000101
101001
111110
010001
101001
111110
001010
100111
110111
110011
011101
010000
011111
010111
011101
010111
111100
110111
010101
101001
010101
011001
010110
110000
010111
011011
110111
010111
111101
010000
110111
010111
010111
101101
100111
010111
000000
001000
110110
100111
110101
111110
110101
001000
010101
101001
010010
111110
111110
111101
011101
111101
001010
010101
011100
110111
011110
001100
010101
010101
010101
010000
010111
011000
110111
111000
100111
011100
110111
111101
110100
111001
111110
000111
111101
010101
011101
111000
110111
001110
110001
001000
010111
111010
010111
101001
110111
111011
110111
000000
010111
011100
001000
101000
101001
111100
111110
001010
010001
110001
001010
010001
101001
010000
110111
111101
000110
101000
111000
111110
010101
010000
111101
111110
010000
011000
110111
111101
010000
110011
111001
101001
010000
000111
010101
111001
001000
000000
010111
001000
001111
000100
100111
110101
010111
001011
010101
101001
111110
111111
010010
000000
111100
111110
011010
110111
111101
101001
111101
000100
010101
010101
001001
111110
000101
110011
001000
010111
010111
010000
100111
101000
010101
110111
010000
010000
010110
010111
010000
111110
111100
001000
010111
010001
011000
010101
100000
111110
010111
110000
101001
110111
001000
110111
111110
101001
010101
110011
110110
110000
001110
111110
111110
010111
101001
000111
111111
111010
101101
110111
010000
010101
010011
101001
001000
111101
011100
011000
001000
110101
111010
101101
010010
110111
001101
111100
101001
010101
100100
101101
010100
111101
010111
111101
111100
001000
101110
010101
110111
101001
011010
111101
001000
101001
010101
000111
110111
101001
111101
101001
010101
111111
001001
001000
110111
010111
010111
111101
010101
111101
101110
010101
001000
010011
111110
010111
010000
010101
111101
010000
110111
001011
111110
101000
001000
111110
010111
110111
100111
001000
001000
001111
010000
001000
001000
111110
001000
100001
001001
010000
110111
111110
011101
000000
111111
001000
010111
101000
111101
111011
101001
010111
111100
111101
111101
110111
001000
010101
011110
100001
111100
010010
110010
010111
110111
010000
011101
001000
010000
111110
010101
111101
100111
000111
110111
001000
111100
000000
110100
010000
010101
111110
011110
110000
110111
001000
111100
111110
010000
101001
010101
110111
000101
100011
110111
110111
001000
111100
010010
111001
011111
010000
110111
111001
110101
111110
010100
010010
001110
101000
010111
010111
011011
010101
000000
011101
010101
011000
111110
010000
101101
101110
010101
011101
111110
010101
110110
111101
010111
111111
101101
100000
110110
010111
110110
010101
111110
101000
010010
011000
111101
111001
011110
010110
010111
111111
001001
