10110101
01010000
11110101
01011110
11110101
11110010
00100001
10111011
01010111
11011100
10100100
01101001
11110101
00100001
10100110
01010111
00011100
11011100
10100110
11110101
10100110
01010111
11111101
00100101
00100001
11011100
01011110
01011100
11110101
01010111
11110101
10111010
01010111
00100001
01001110
11111010
01011110
01000000
01010111
11110101
01000000
11011101
00101110
11111010
10100001
00100000
11111010
01011100
11011100
10011100
00100001
00100011
00111110
01000000
00100001
00100000
11111010
00100001
10000110
00100101
01000010
11011100
11111010
01110101
00000000
11111111
00100000
01011110
10100010
11110101
11101110
10100111
01011110
11110010
11110101
11110101
11011100
00100001
01010111
01111010
10000110
11110010
01001000
11001010
01011110
11011101
01000000
01110111
00100001
01000010
11111010
01010111
11110101
10011100
00011110
11011111
00100001
11110001
00000001
11010000
