110111000
101001100
001000010
010101110
010010000
110100110
101110100
000000010
110111000
001000010
010111100
100111100
111100001
000101100
010101110
010101110
101110000
010001101
010101100
011101111
011110100
010101110
111110000
011000000
000001010
111110000
010010001
110100110
010111100
001000010
101001011
101001100
010000000
010101110
110111011
010000000
010111110
101001100
011010010
101001100
000100111
101001100
110111010
010111000
101001100
100110000
110111000
111100100
001000010
010111110
110111100
111110100
010111101
110110000
111110100
101001100
111101011
111110100
110011100
010110011
001000000
010111101
110111010
001000010
010111100
010100010
010101001
110011000
110000000
001000000
111111000
110000000
010001100
110111010
110101001
111101001
101001100
010111100
101001100
111110100
111110100
101000010
101001111
110001011
101001100
010011100
110111000
110101110
110010000
111101011
111110000
011101011
000000000
100001100
011000010
010000000
101101011
011100100
001000010
110101011
010001010
000111100
010101010
101001101
010000000
110011000
010000000
111110100
111101011
010101011
111110101
111111011
111110100
101100100
001001010
111110100
001100100
010001100
101000100
110111001
111101111
001000010
000111100
000111100
010111100
111101100
000101000
110111101
000000110
001000010
111111110
010111100
111101011
010001000
111101011
010000000
010101010
001000010
110111000
101000010
000000001
010101110
101001100
001000010
111101011
111101011
111110100
010111000
001001010
010000000
110111100
011110000
001000110
110111000
011000010
110111001
011111100
000101110
111111000
010111100
101000001
111111000
011101110
110111000
101001100
010111000
001000010
010000000
000100110
110111000
010000000
010100110
010011100
010111100
001000110
101111011
010111100
010001110
010101111
111010100
101011100
011111110
010001111
111100111
001000010
001000010
010000000
010100000
011001000
101100011
010101100
010101110
001000010
011010010
001000010
110111000
010101110
111101011
110101001
111110100
010011000
010001110
100110000
011101011
101001100
000001100
010000000
001100010
011100000
001000110
001000011
001001010
010111110
001010010
001001010
111110100
010000000
111101110
001001010
001000010
111101011
110111100
101001100
010110000
001000010
010000000
001000100
001000010
110111000
110111000
101011100
101001100
010111100
010101110
001000110
110000010
010111100
111110100
010111100
111111011
101000110
010110100
111111100
110111011
101011101
011011100
110101111
000101110
110110110
000001000
010000000
110101110
010101110
101001100
111110100
010111100
101101100
100111000
010101110
001000010
101001100
010111000
010100010
001000110
110111100
001000000
110101000
010111100
111101011
010000010
010111100
010101010
110101011
101001101
010101110
110111000
010000000
001000010
101001100
010101000
111101001
011000000
101001100
111110100
111100000
010101000
010111100
010111100
110111000
111110100
101000110
011110110
010110100
111100011
111100110
010101110
001000010
111111010
010001111
111110101
010101110
011000000
010111100
111111100
000000000
101101100
001001000
010111100
010011100
011101010
010101110
101001100
111101011
010111100
111111100
010001100
101000010
101011010
010000001
101001100
100000110
110101111
111010100
111101011
110111000
000111000
110101011
111101001
111101011
010000000
101001100
111111000
111010111
111010110
110111010
110111100
111110100
010111100
001001000
000000010
001001100
110111001
111111100
010101110
001000010
010000000
101001100
010011000
011101100
101001100
111101011
001000100
110111000
111101010
111110100
010101110
100111000
010000101
001000110
000000010
101011110
010000000
010111000
101001100
110111000
001000010
110000011
100011100
101111000
111101011
111110100
110101000
010101110
111010100
001000010
010110000
101101011
100011000
110111100
010111100
110111000
010101110
110010000
010111100
010000000
010011100
010111011
010001100
010101110
010101110
010000000
111010000
010101110
001000010
111001011
110110100
010001000
110111100
110111000
001000010
011110000
110010100
010101110
000111100
101001001
101001100
010100000
101101100
111110100
101101011
010010000
010100110
101001101
111000010
110110100
001001010
011111100
010111100
101111010
111100100
110011100
010111100
100101011
010101100
001000011
110111000
010101110
110111011
011100000
010111110
100001100
101101011
010111100
101001100
010111000
110111000
101001100
010111100
111101011
110101001
111110100
010001000
101100110
001001110
111110100
110000000
100111010
010000010
111101100
111001100
101011110
111110100
000100000
010101100
010101110
101001100
111110100
000000001
101001100
111110100
010100100
111110100
111111101
010111100
010101110
111101010
101001101
111110100
101001100
111110100
010100000
010000000
111111100
010000000
110111000
111111011
000111100
110010000
010101100
010100000
010101110
010101110
011101001
010101110
010101110
010111100
111100100
111110100
110011001
000111100
111101011
110111000
101001100
111000010
001000010
111101001
111110100
001000010
111111111
111110100
101001000
010101000
010000010
001000010
101101100
000111110
101001100
001000010
111001100
011000100
111110101
011000010
001000000
111110100
010111000
010010001
110011001
011000100
111101001
111000000
001101000
010101100
111100100
010000000
011000100
110011000
111101101
010000000
111101011
111110100
001100010
010101011
100111000
110101110
100000100
110011000
010000000
100000001
011000010
110100101
001100010
010111100
010101110
011110101
001000010
010000000
110111110
010000010
001001111
010111100
111100100
001110000
000000000
110111001
000000000
010111100
111101101
001000010
010101111
001001110
100110000
010110110
001000010
111101011
011000100
111110100
010111100
111110110
111110100
111111110
010111000
100111000
110111000
010000000
010011110
001000010
010000000
110111000
000001110
111101011
001000010
011001110
101001100
010000000
111101011
101001100
110111100
001000010
011101100
010111100
001011000
110101110
010110100
110101000
010111100
111001011
010111101
001000010
110101010
111100011
111100100
010111000
101011100
111000100
101000010
000000010
010100000
010111100
110000001
110111000
110101001
001100000
111101111
101110000
110101011
001000010
011111100
010100000
011001000
101001100
111101011
110101011
101001100
010000000
110111000
010101110
010101100
010000000
111101010
001000011
110011000
111111000
010001000
010111100
101001100
101001101
011011100
110111000
110110100
111101011
110111000
001100010
010101100
010111100
110011000
010111100
101001100
010000000
001001100
010100100
010101110
111101111
101001101
111101011
111110100
111110100
010000000
110110100
010000000
001000000
001000110
010111100
001101110
110110000
011111101
010001010
110111000
010001110
101001100
110111000
010111100
111101011
101111100
111011011
001000110
010101110
100101011
111100100
011101100
111110010
010111100
010000000
111101001
101001110
010111101
111110000
010000000
111100000
010101110
110101000
010001000
101001100
010100100
111110100
010000000
010000100
010101110
111111000
011111100
100111000
110111000
010011000
110101011
111110100
010111100
111101111
000111110
110101000
110101100
001000001
001000010
010011000
110111000
110101110
110111100
010101110
010110100
000000010
001001100
111110110
111110110
011110101
000111100
001101110
011110100
000000000
010101110
010101110
010110110
111111100
010000000
110111100
101001100
111110100
111111000
000101110
000101110
001000010
110111000
100001100
101000101
111101011
010000000
000000010
110101110
000100011
111110111
001010100
110111000
111110100
010000000
111110100
110111001
001000110
011101111
010101110
110111100
111101010
110101011
111110000
111101011
010111000
010101010
111110000
000111100
111001101
111101011
110111010
010000010
101001100
111101001
001001000
010000000
001000010
111101011
110111001
010111100
010001110
111110100
010000100
010000000
101110100
111100011
101000100
010001000
011001000
101001101
010111100
100010101
101001100
001000010
101001100
100110001
011101110
111110100
011110101
110110000
111101011
001000010
111110100
010010000
111101010
101001101
001001100
110101110
011000000
111101011
111110111
101000011
101001100
001000010
110101010
101001001
010101110
001000010
100001100
111101011
110111100
001100011
010101110
001010010
001000010
010111110
111101001
111111100
110111100
010111100
011110111
010101110
111101001
010111101
111101011
110111000
000101110
010011110
110101011
110111001
010101110
010010000
111101011
101001100
001000010
010010000
110111001
101001101
111101011
101001100
101101011
110110100
111101011
000000010
010100110
000010010
111101011
110111000
101001100
100000011
001000010
010101110
000011100
010111100
110110000
011101010
010111000
110110100
110000000
111110110
000000100
010000100
011110010
010111100
111101010
111101010
111001101
010000001
011101011
010111100
010111100
110001000
110011000
011101100
001110100
010101110
101101100
110101110
100111100
110111100
010101110
100011000
110111000
011000000
010101110
111101011
111111100
010100100
110101000
011101100
011101110
111111010
110111000
111001100
010010000
011100010
101000011
111101011
101100010
111111100
101001100
011001110
010101101
110101010
010011100
111100000
001000010
010100110
111001100
001000010
001000010
010101110
101000010
101001000
001001100
111101011
101001101
010110100
010100110
001000010
001000010
010000000
000101110
111110101
001000010
010101110
111101011
010101110
010000000
111111011
110101110
010101110
001010010
001011010
111110100
110111000
110111000
100100101
111101011
101001100
111111011
111111011
100000100
011000011
001000010
101001100
110001100
101001100
111110100
001001011
010101110
010101110
010101110
111101011
101000010
110101111
010101110
101101100
010000000
111101011
110111100
110101011
010000000
010101111
001000010
000101110
110000000
010110000
001000010
111101010
110111000
010101101
111101001
010000000
110111000
001000010
010101000
010101110
101010010
110111011
010111100
010011000
010000000
111111000
000111101
010111110
111011011
110100110
010100100
101011100
000000110
111111100
111110100
001000010
100000010
010101110
111101011
111001100
001001010
010111100
111101011
010000000
010000000
010001100
100000000
111101111
111110100
111101001
001000110
110111010
110111000
110011110
010000000
010011100
110111010
001000010
010111100
111110000
110011000
011111100
010000000
001001010
111110100
010001100
101000010
100101011
111101111
111110100
110000000
001000010
010111101
000001111
010111000
010111100
000001110
010111100
100001100
000101110
010101111
010100000
110111000
111110100
100111011
011111100
101000100
110110010
010101110
010111101
110111000
010000000
110111000
010101100
111111001
110110100
001100010
111101000
001100010
111101011
011110100
000001000
010111100
010101110
010000010
111001100
010010000
010101100
000100110
111110101
110101110
111010100
110110100
010111100
010101110
111111101
111110100
101001000
010000000
111110110
111110100
110111000
110111100
001000010
001001010
010101110
010100000
001010010
110110101
001010010
110111000
001000010
011111100
010000000
101001100
011100100
010101110
001000010
010111101
111101010
101111101
001000010
110111000
110111001
011101010
111101011
010101110
111001000
110111001
110111010
011001000
101101100
101001100
110101000
110011011
000101111
010111100
110111000
110001100
101000100
010101110
010100001
101101011
010000000
010101110
000101110
101001100
011000001
110111000
101001100
110111110
111110100
001000010
010010000
101001100
010000000
111111001
011101110
111000000
001000010
010111110
010101110
010101110
111110101
110110001
001000010
101001100
010001011
110111000
010111100
111101011
101000000
010000000
000101110
111110100
010101110
010000000
010000010
111110110
010101110
011101100
001001101
101101011
111101011
010101111
001000010
010000000
011101011
111110101
111101111
001000011
010101110
111101110
111110000
011110100
101001100
010100000
111011100
010111101
000111100
111110110
010000100
010000101
011101010
101101111
010100000
111100011
111111000
110110100
010101100
111110000
111110100
111110100
001000010
001101110
000110100
011101100
001000010
010111110
010000001
101001100
010111100
101001100
110111000
001000010
001000011
101101011
010000000
010100100
010101110
110111100
111101011
101101011
010101100
010000000
110101000
001001010
011110110
111101011
101010100
111101011
111110101
101001100
111001100
010101110
001010010
010111110
110111000
001000010
111101011
111001011
111101011
001011110
110111000
010000110
010001111
000101110
010111100
010101110
111110100
010111100
010101110
111110101
010111100
010000000
111110100
010001010
010101110
010000010
111101011
111111101
010111100
011000010
110111000
010001001
111100000
000000000
000000000
101001100
010000000
111110100
010111100
010101110
101000110
000111100
101001100
001000111
010000100
110011000
010101110
011111100
010111100
111001011
111110100
111110110
110110100
010101110
010111100
010111100
010101110
010111101
010001001
001000011
010101100
100000100
010111100
001000010
101001100
110110100
111110100
110101100
010101100
110111100
111110100
111110100
101001100
101011100
000000010
111001100
000000011
111101011
010111100
010101110
111111100
101110110
111111101
001000010
110000000
010001000
111110010
010111101
010101010
010000000
111101100
010101110
010101110
111001011
101110100
001000010
001000010
111010100
110110000
001000010
001000010
110111000
010100000
010101110
010101110
010000000
010001110
111110001
110111000
000111100
111111100
111110100
011100000
010010100
010101110
111100011
101001100
010000000
111001011
010111100
111110100
010000000
001100010
001001100
000110110
010010100
111111011
111010100
010111110
110111000
110111000
101110100
010111100
110110100
010001110
001010010
001001010
100000010
011101100
011101100
111110100
010101100
010111010
000111100
010010101
111101011
101011100
010111000
111101011
101110001
110111000
000110001
110111100
101100011
111010100
111110100
111101111
100111000
111101011
001000110
101100011
011111000
010101110
001001100
010111100
010000000
010000001
010000000
111000000
101011100
011111101
110111100
111110100
010111110
010000010
010111100
110010000
010000000
110101100
010001100
001000000
101001100
000101010
111110101
010000000
111101011
110111001
010101110
001010010
111110100
010111100
010111100
001101010
110110100
010000000
001010010
001000011
011000010
100111001
110001111
001000010
010101111
011100110
111110101
111101101
110111000
110111000
001001110
111110100
001000010
100111000
001000010
010101110
110110100
111111100
111100100
010000000
111100011
111111011
110101000
111100101
000110000
001000000
001101110
010101010
010010000
101001101
101001100
001011010
011101111
001000010
110111100
001001100
010111100
111110100
111110000
010110010
110100110
111110110
110000000
111100100
111001100
010111100
000111100
001000010
010101110
010000000
111101011
010111000
010101110
010001010
101100100
101000110
001001101
010101110
110101000
010101100
110111100
010111110
001001010
111110100
010101110
010000000
000100111
110111000
111110100
111110100
111101111
111101011
000111110
100101010
111111000
001001010
111101011
010101110
010001000
010111100
110111100
010001000
111110100
100111001
110111000
001000010
111110100
010101100
010101111
011101110
001001000
111101111
010000000
001000000
110011000
101011100
111110100
101011100
110111100
111111100
011101011
000111000
010111000
110101110
110000000
110101100
100111000
010100110
111010100
111110100
010111110
111101011
010010000
101001101
110110100
111101011
010101110
110110000
111110100
101010100
110101000
001000000
000010110
101111000
100001100
111100011
100111000
001011011
111110100
111001011
001000011
111101011
001111100
010010000
001000000
010000000
011100011
111101011
010101000
010101110
010000010
000000000
111110100
111100011
111101011
011010000
111101011
110111000
101110100
010010100
111001111
010101110
011100110
111101011
101101001
010101100
001000011
110111110
010000010
000101110
010010100
010010000
010000000
111101011
010111010
101001100
111001011
011101110
010000101
101101011
010000000
110111000
010001110
010001110
001010000
111110101
111101011
111101011
010111101
010000000
111111000
010010010
001000010
110110000
100000100
001000010
010111100
010000000
111101000
010101100
101001100
011111100
111101011
011101110
001000100
010000001
101001010
010101110
010111000
001000110
111110100
101000100
100001100
010101110
001000010
101000010
010101110
001000010
001100011
101110101
110111101
010011100
010000000
011000010
111110100
111101011
101001100
111001100
000111110
100111000
010101110
110101111
111101011
010101111
001000010
010101110
110111000
111101011
000101110
110111000
001000010
011001010
000111100
101000110
010101100
111101011
101001100
101001100
100001110
110101011
001001110
010111000
010111100
001000010
011101010
010111100
010101110
010101110
110010000
011101011
101001110
011101011
010000010
010011100
000101110
000101010
110111000
111101111
100001100
110111010
010011000
111101011
101001100
001101110
101001100
110101100
000000010
100000010
110001011
011000100
001000010
110111100
111101010
001000010
010101110
010001110
111101011
010101110
111110100
001000010
010111101
100101000
110111100
010101110
110000001
101001101
110000000
111001010
111101011
010001110
010101100
000101110
101001101
111110100
110111001
111110010
111101011
111000000
010000000
111100010
111101011
010101110
010111100
001001111
111110100
111101011
010000001
111110000
110111000
101001100
010101010
010111110
111000000
001000010
110111000
010110100
111110100
010000100
111000000
010111000
010111111
000000000
010111110
010111100
001000000
111101011
110110100
001000010
010111000
101101011
111110100
011100000
101000010
111110000
010000000
111001100
110111100
110110000
111100100
011101110
101001100
111111100
001000010
100001110
110111111
110001011
111110100
010111100
111100100
001010000
111101010
010001010
010010000
010101010
101001100
110111000
010111100
010000000
110111000
010000100
010000000
010110100
001001100
001000010
010101110
011101011
010011100
011000000
110111000
010000100
111101011
001101110
101110100
110111000
010111100
101000100
110111000
010000100
000001100
010111000
010101111
111101011
110111001
010010001
000000000
010100000
010101111
010000000
010111100
010111110
111101011
101001011
010100100
111111011
111110100
001000010
010000000
110111000
010000001
110101001
011111000
011000000
001000010
111101011
010100110
101001100
101001100
000100100
110111010
101001100
010101010
010010000
111101011
101001100
001000010
110101000
110111100
011001011
110111000
111001100
111101011
101001100
110110000
111101011
111110100
110101110
010101000
001000010
010100000
101001000
111001011
001000000
010001100
010101110
110111000
101001100
101001100
111101011
101010100
010111101
110001100
000000000
111001001
101110100
111101011
110101011
010111100
111010100
010111000
101001010
111101011
111101001
110110000
110111011
111101011
101000010
100001100
101001010
111010100
000111000
001000010
101100100
001000010
101110000
111110000
110111110
011000000
111101011
111101011
110111000
110110100
111110100
001010011
111001011
110111000
111101011
000111110
010111100
011111100
110110000
101001101
110000000
110111000
001001100
100111100
000000010
110111000
101000100
111001011
010111110
101110100
001000010
110101100
111110000
111111110
010111100
011101100
010101010
101001100
010000000
001000010
101001100
110101000
110111000
101001100
011111000
111101010
101001000
010000000
011100011
101110100
110111010
100111000
010101100
111110100
011111100
010000000
111101011
111010100
111101011
010111100
110111000
000101110
010101110
010000000
001011100
001000011
000111000
010000001
111101011
111101011
111101011
111110100
000111011
001000010
010111100
101110100
001000010
100010000
000111100
110010010
111010110
010110110
101001100
010101110
001000010
110111000
111110100
111011100
010001110
010000000
101100100
010000000
101111010
011101110
110111000
111101111
100011100
001000000
111110100
010101110
010111100
110111010
010111101
010010000
110101110
110111100
010111001
010111110
101101100
011101100
000000000
101001100
010101110
111110100
010000000
101101110
111101011
011001100
001000010
111110000
001000010
010001110
111101011
010001110
000110101
010100110
001000010
110101101
101111000
010101101
111110100
100101100
111110100
111100011
111100011
110111000
010110100
000000010
111100100
101110100
001000010
010101110
010000000
010101110
111101000
010111100
011000001
010101110
010000000
001100000
000101110
001100011
011111000
001000010
010111101
100001100
111111011
010000100
010011000
110111011
001000010
110111100
010000001
010000000
010110000
010000110
101010100
010111110
110111111
110111000
011101110
110110000
010101110
010000110
000101110
111110100
110111000
101111001
101001110
111101101
111111000
001000010
010000000
111001011
111011100
001001100
010111111
110100011
010101100
001000010
100110000
111110000
010101010
010000000
111110100
111101011
010001000
110111001
101111100
111110100
111110100
010111100
001101100
110101110
111110100
010101100
101001100
001000010
001000010
110110100
010101100
111110100
010000000
011111110
110111000
010101110
010111100
110111000
111110110
110101110
101001100
010101111
111101010
000000010
111110100
000000010
110010000
010100010
101001100
010111000
001000110
010101010
010111100
110001011
111000010
101001100
011010110
100111000
110111000
111101001
001000010
001101100
111110100
010011100
100111000
010000000
000100010
111101011
001000010
010111101
111100011
101101011
111101010
110111000
000101110
000111100
010111000
101000010
010001000
001000000
011101110
011100010
010111110
111110100
110011000
010111110
101101011
101011100
001000010
010000000
010111100
110111100
110111001
000000000
110111001
110111000
111111011
010000000
010001110
011000010
110111001
000000000
111110100
101000100
010000100
111110101
110110100
011111100
010101110
010000000
010000000
111000011
010111101
010100110
010000001
111110100
010000010
001000110
010000000
111111011
010111100
010000000
010111100
111100100
010110101
111101100
101111000
110101011
010111100
001001101
010000000
010101110
111001011
010110100
001010010
101001100
101001110
101001000
010111100
000000010
110101000
010111100
110111000
010101111
111110001
001000010
111110100
111101011
110101110
010101110
011000110
001000010
010000000
101011100
111101011
101001100
010111000
010101110
101111101
001100010
110111000
000101010
010011100
111101010
100000000
111001100
111101011
111101011
010101110
110111000
000101010
110111000
111111110
110111000
110000000
010111100
110111000
010100111
101001000
010101111
101111011
010100110
101001100
010101110
101000000
111101011
110111000
110111000
010110000
111110100
111111000
010010000
110010000
110110100
010111000
101101011
010111000
010000010
101001101
101011100
010000000
001000011
110111100
110101110
110111000
111110101
001100010
010101110
010101110
010100110
010010000
110111000
010000000
101001000
010111101
111101011
111110000
010000010
110111100
110110000
111101011
111110100
010000000
110111000
010111100
010000000
001010010
010000000
110111000
110000000
101110100
110110110
010100000
100100010
111001100
101101100
101011100
111011000
101001100
000000100
110111000
011101110
111011000
110101000
011101011
000101110
010000100
001000010
000111100
110111000
010111100
111110100
010111100
001000000
101001100
111001010
110111100
110111000
010000000
110111000
001000011
010101100
010011110
111101011
001000001
000100110
111111011
101001110
110000000
111110100
010110000
110111000
111110100
101001100
110111000
010010000
010111100
111101011
111101110
101010100
010111100
111100011
110011000
010000100
111001100
010110100
001000010
011000010
011000000
010000000
010101110
111101011
010000010
010000000
111101011
101001100
101001110
000100100
010000001
010011100
010101100
111110100
010000001
010101100
111110100
110111000
111110100
000111100
111110000
001000011
111101011
000111110
001000000
010101110
101001010
010100000
100111000
010101110
111101010
110111001
010000010
100001100
111110100
010101001
110101000
111101011
110111001
111101011
010111100
110101011
101001100
001011100
010111010
110111000
001101100
110111000
111110100
111110100
010000000
011001011
001001100
110101000
110111000
110101011
001101101
101011100
001000000
010010000
010000000
010101110
001000011
001000010
010000000
110111000
010100001
111110100
010111100
110101011
111110110
000110100
110011110
000000010
000000000
010111000
010101111
010000000
010111101
010001110
111100100
010111100
001010010
000111100
001000010
010000000
111101010
101001100
101101100
000101100
110111100
111101011
111111100
000111100
010000010
001000010
011101001
101001100
010001010
011000000
111101011
010111110
001000010
010111110
001000010
010101010
111101111
000000000
100010010
111101010
110101000
010101110
010101100
010111110
100000010
010110100
111101011
111110100
101001100
101001100
010111000
010111100
100111000
101001110
011000010
110111100
110011000
111101011
011101110
010111100
010101110
101001100
110010100
111110011
010101110
010011100
010111100
001000000
010101010
010111000
111101011
111110100
101110100
111010111
101010100
010000001
010000000
110111000
110100000
001000010
111111110
010101110
010111100
101001100
001000010
001100011
101001100
110111000
101001000
100110100
010111000
001000010
110001100
111100011
110111000
101000010
010000000
010000000
001000010
010111100
111110100
111101010
110111000
101110100
110111010
110111000
101101011
110111000
100111011
001000010
001000010
101001100
010000000
111101001
111100100
110111000
001100000
010000000
000000010
010101111
001101100
110111000
010010011
001001010
101000110
011101000
010010000
110101110
100001100
010101110
101011100
110000000
110111100
101001100
101001100
010111100
110111100
110101011
010000000
111110100
111110100
111000010
110011000
011010100
010101110
101101100
010101110
111110101
110111000
111010100
110101001
010101110
100001100
111110100
110000011
110111100
010000000
111110100
010111100
010101100
010111100
101001100
100110101
010110110
010101100
001111110
111001101
011101110
111101011
010001110
110111000
110000010
001000010
010101110
011001110
101111011
101001100
010101010
010111100
100001100
110111000
111111101
010111000
101001001
111101011
010111001
110111000
011000000
101101011
110111000
110111000
110001011
010010000
000000010
101011100
001001100
111101011
111101001
010000100
010101110
101001100
010101000
110011000
110111000
110000000
111101011
000100000
010101110
010111100
111011100
110001000
010101110
001000011
111010100
101001100
010101110
001100010
010000000
010111100
111101011
111110000
001000010
001000110
111101011
001000001
101011000
001000010
110111000
101001010
010100000
111001000
001000010
010100110
100001100
011101010
111101111
010000000
010101110
111101011
111111100
101001101
111110100
111001100
111111101
101001100
010111110
110111000
110111100
111111011
010000000
001000010
010100010
010101011
001000010
111000110
110111110
101001110
001010010
111101011
010101110
101101100
001000010
111110000
010110100
101000110
010101110
011111111
010101110
111110110
111110000
110101111
111110100
111101110
011000010
110111000
010111101
111110000
010000010
100001101
101001100
011000000
010111100
001001110
000100010
100111010
111101010
110000000
110111001
101101100
100000100
100111010
110110100
110111100
111101011
010111100
010000000
010111100
110111000
000101110
110111000
101001100
110100001
010100101
000000010
001000010
010010100
111000110
011000000
011110100
111101011
010101110
000101110
010101110
101001100
101000100
010000010
111101001
110100100
110101000
100110100
010111100
110000000
011101001
111101001
110001011
010111110
000111100
011101110
010101110
101000110
110000000
001001000
001001010
010000000
010101110
101101100
111101011
001000010
010111000
111111100
101001100
010101110
101001100
000000000
010000000
010010000
010000000
111001110
010101110
010101110
110111111
010101100
111101011
010100010
010000001
110111000
001001011
001100000
011000010
101000010
010101110
010101100
110111000
111110100
111111000
110101001
000000010
110111101
101101011
111010100
010110100
111001100
001000010
010100000
001000011
010101110
010001000
111111011
010100000
110000000
011101011
101001100
001000010
000111100
010111100
010100000
001010010
110110000
111111000
001000010
111101111
010101110
010111000
110111010
010110100
111101100
111101101
001000010
011101110
100001100
111100100
001000010
011101100
010101110
111101000
010111100
011010100
100001101
010000000
010000000
010101110
000000011
101001100
010111100
010000000
000001010
010000010
001010010
011100000
101111000
100101011
111101001
010111100
001000010
101001100
111101011
110111000
111101011
111100011
001000010
111110100
110101000
110010100
001000010
110111000
010111100
110111110
111000010
010101110
101001100
010101110
110111000
111101011
010111100
010110000
101001100
010110100
010101110
001100010
111101001
110011000
010000000
001000010
010101110
010000000
111110100
010111100
110111000
101001100
010000010
010101110
010000000
111110100
101001100
010000000
111110100
101001100
010101111
010111100
010101110
010000100
010101111
111101011
111111011
111110100
110100010
111110100
010001110
001000010
111110100
111101010
101010100
010010000
101001000
111000110
111111100
111101010
111110100
111111000
010110110
010000000
111100100
111101011
101001100
010000000
101001100
001000010
010101110
110111101
100101000
011100000
110110100
001000001
011101111
101001100
001001100
100101000
110111001
101001100
110111000
001000110
010000000
010101100
010110000
110111110
001000010
111010110
110101110
010000000
110111000
111001100
010110110
010111100
000001110
111110110
110111000
101001100
110111100
111110100
101001100
001100110
111110100
010011100
010111110
110111000
111000101
111101011
000111100
111101011
111101011
010101100
101000000
111110100
001101010
111110100
010101110
110111001
001000010
010111100
101001011
111110110
010111101
000000000
110111000
110101110
110111000
111010100
110111000
101001100
101001100
010101110
010000000
111110100
010000000
100110000
010000000
010101110
110011100
111110101
111110100
110101110
001100010
101001100
111111100
010111100
010100100
111111001
011000010
001000010
010001000
010101110
011101010
010100001
010101110
111101011
001001100
000010010
010000000
101000100
110111000
010111100
101001100
011010010
010101100
010111110
110001000
000101110
111010100
110101011
111101011
010001110
111010100
110101110
101001100
110101000
001010010
111101011
111110100
110100000
010100000
101110100
011000010
111110000
111001011
010101110
010101110
110101000
001001100
010101011
101001100
010101111
010100000
100010000
110111000
101010101
010100000
001001100
110111100
100111000
110110100
010000000
100111000
111101011
001000010
011101010
010111000
001000010
101001101
010000000
101000010
101001100
010111101
001000010
010011100
010111110
111101011
001010010
010001101
111110100
011101100
100111000
010101100
001000010
001101110
000111100
110111000
010101110
110111000
000000010
010011100
010101110
011100011
111111011
011010010
010110101
101011100
011110100
001000010
111101011
000000110
111110100
101001100
100000010
110111000
111110100
111101011
111110100
010011100
010011100
110111000
101001100
100111000
010101110
111111000
001000010
101001110
010000001
110000000
001101100
001000011
011111110
101001110
110101110
010001111
010101111
010000000
010101110
110111010
010111100
101001100
010010000
010101111
111001100
110111000
110101011
000000010
110111010
011110100
101001100
001100010
110111100
111110100
000000101
110100010
010100110
010111100
110101010
010101110
011000000
111101100
101001001
000000000
111010100
110101100
001000010
010000000
010101110
110111011
010111100
011110100
110111100
010000001
111110100
010101110
010111110
110111000
110110000
101110100
001001010
111101011
111000000
011101110
110101011
110010100
101101100
101001100
111101011
001001010
111110000
111110100
001000010
101001100
111110100
101001100
101001100
110111000
010000000
001000000
010100000
000111100
011111100
101001010
011110100
010101110
111101011
010111100
111101011
111011000
111110110
100001111
111101010
110111010
000000000
101011100
010101100
010101110
101001100
111111000
111011100
110111000
111100100
010111100
111110110
101001000
110011100
000111100
110111000
100001110
010101110
110101000
111110100
110111100
111111000
010111101
111101011
001110110
111101011
010001000
010111100
111001100
101100110
001000010
011110100
001000100
000011000
101011100
001000000
111110100
000101110
111110011
001100010
100000000
010000001
000001100
010000000
011000100
010111100
110110000
110111010
111110100
010111110
010011100
101001100
110101110
010111111
111110100
010100000
010100000
001010010
000101100
101001100
101110100
011101110
100111000
011111100
011100100
100111000
010001100
001000010
110011010
011101110
111100010
000001000
001000010
111110100
001000110
101001100
111110100
101101011
010100110
011000000
010101101
111101011
101101111
110110110
110111100
001000010
010000010
101000100
010111100
111110110
011101011
101001100
001000011
010111100
111110100
001000010
001000010
010101110
110000000
111111100
010000100
111110110
101100011
101001100
111111111
010111100
101001110
000001110
010111110
100011100
001000000
110111000
010000100
110011000
101001110
001101110
011001110
010101100
010000000
111110101
111110100
111111010
111101011
010000001
010000000
000000100
010111100
110111000
111110100
110011000
001000010
000001100
101001100
000000000
001110010
111101011
011100110
011110100
001000010
010001010
110101110
010000000
101001100
001100010
101001100
101101011
111110110
100110100
111001011
010111000
010000000
001100000
010001000
001000010
101101011
000001010
011101011
010111100
010111100
001011010
101001100
010111000
101001100
111010100
011110100
111100100
010101100
010111100
011101111
111110100
010111000
111110100
010101110
010101110
111110110
101000101
001000010
110111000
001000010
001100011
100001111
111010100
010000001
010001110
101101100
001000010
111101011
010000000
110111100
010000000
110111100
110111000
010000000
110111000
001000010
011111100
001000010
000000000
111110101
111101011
101011100
111110001
000010010
010111100
101000010
010000000
100001100
101001100
110011001
010000000
111111100
001000010
010111100
000111100
001000010
010101100
010100110
000101110
010101110
110001000
001000010
111100011
111101001
010101110
101001100
111100100
101001100
101001100
111100100
111111000
001000010
010000100
001000010
111111011
011100100
011000010
010010000
011001110
001000010
111010100
101001100
111110001
101001100
001000010
110111100
101110100
101010100
010111100
010000010
010101010
101001100
111110100
010111110
010000000
110101011
010000000
011000100
101001110
001000010
001000010
011101011
110111000
000001010
111110100
101011100
010111110
000000000
111110110
111110100
110111000
001100010
111101011
110111000
010110100
011111000
000101100
110111001
101001100
110011100
111101011
001000010
011101010
110101010
101101100
111001010
110111000
111110100
010101100
110000010
010111000
011000110
101001100
101001110
010000000
010101010
110101110
000111100
111110100
000001101
010110110
110111000
111110100
010000000
111110100
010101110
001000010
000101110
101010101
110011000
110111000
101001100
010101111
010111100
010111100
010111100
111101011
111110110
101001100
101011100
010111110
101001100
011101011
111100101
111001011
000000000
011010010
010111100
001001100
110101011
001000110
110110000
010000010
010101110
010000000
011000010
111101011
101001100
111101011
010111100
010110000
010111100
011000010
111101000
111110100
110111000
111110101
111101011
011110100
010101110
101101100
010111100
000000000
001110010
010001110
011010010
011100011
111001011
001001010
010100111
010111111
101000010
111001100
001000011
011110100
101011100
011000010
101001000
101101011
111101011
001000010
000101111
111110100
010111000
011000010
001000110
010111100
111110100
011000010
011101000
001001010
010000000
001011100
011000000
010111100
111101011
001001110
001110010
010101110
111111000
111100111
111001100
110100110
101101101
011110100
110000010
000000010
110111000
110111000
010101111
000100000
101101101
000010000
111101011
111110110
010000001
001101011
010000000
101001100
010000000
100101100
110111100
010111100
001000000
010101110
010101010
101001100
001000110
001000010
010101100
000100010
010110100
111110100
111110100
010000000
001000010
111111011
101001100
000011100
111110100
111000100
111110000
001000010
111101011
111001001
111110100
010000000
011000010
010111100
010100000
101101011
010111110
111010100
100111000
011111000
111101011
111101011
110111101
110110100
111110100
001000010
101001100
001000010
111101100
010000000
100000100
010000010
111101011
100111001
111101100
101001000
101101000
101001000
010101110
111101001
010010000
101100100
111110100
110111000
111110010
010101110
011000010
111110100
101000100
001001010
101001100
010111100
010011100
101101011
101110100
111111000
111101011
010101111
010101110
011111110
111101011
001000101
101000101
011000000
001101101
100001000
111101011
001000000
101001101
010111101
010101110
101001100
010100110
010000000
010000000
110111000
010100110
111101111
010111101
000000000
101000010
010000001
001000010
101001100
010111100
010011100
010111110
010111100
001010010
010111110
000000110
001000011
001100010
011101110
101101001
110111000
000001000
110111000
000101110
101110000
010111100
010000001
010101111
100001110
011100010
111110100
001100000
000100010
101101000
001001110
010111100
111101011
110111100
001000010
111101010
110111100
001001010
010101010
111011100
000000010
110111001
110001110
001000010
111001100
001000010
010111110
111111001
010111100
010101111
111001011
110101001
001000010
010111100
111110000
010111100
010101000
001000000
001000010
110111100
110111010
010101110
111101011
000000000
101101100
111101011
010111000
110111000
010111100
101101001
010111100
100111000
010000000
111111101
010001000
010000000
010111100
101101100
111101001
110111000
101001100
101111011
110111000
111101001
110110100
001001010
110111000
010101100
101001110
110111000
111110101
100100010
010000000
111110100
010111100
101001000
001000010
110101111
011100000
110111001
010000010
111010100
011111000
001000010
011000010
010101101
010111000
101000100
010111100
010111110
010111100
010010000
000111100
010000000
011000000
001000010
010101110
101000100
010111100
000111110
010101110
011111100
010101111
111101011
010111100
110111000
101001100
110011000
010101111
010110100
110111000
001000010
010101100
111000000
001000011
010111100
111110100
101001100
010100110
111110110
111110100
110111001
001001100
111110101
111101011
010101100
101001110
011110100
010001110
111110000
010100111
110011100
010011100
010011100
101001100
001000100
010000000
111101011
000000000
011110100
101101000
111100011
110101000
001110010
010111101
001000110
011101011
110111000
001000011
110111100
010000110
111001101
110111100
101011100
000000010
101101000
101001110
011100111
111111011
001001010
111111000
110111011
110101111
101001110
010101110
000101110
010000000
111001100
001000011
111110100
101001100
100111100
100111000
110111000
000000010
010101000
000101110
010000000
001000010
101110100
010100110
010101110
110111000
111100011
101001100
111101011
101001110
101001100
010000000
001000000
110111000
010101110
000000010
110110100
010111100
010111101
010101000
010101110
010111000
101001100
110011000
001000110
111111110
111001011
111110100
000111000
011101111
001010010
010101110
110111001
111100001
101001110
111101010
001000010
001000010
001000010
001001010
010001110
101000101
110000100
111001100
110000000
101001100
010111100
011101111
000000000
101110110
111101011
011101011
111101000
110111010
111100100
010000010
110100011
011110110
010101110
100111001
010111100
010001010
110111100
100111010
010101110
110111100
111110100
110101010
001010011
001000010
101000010
011101110
110111010
010101110
001000010
001000010
010110100
101001001
111100011
001000110
101001110
101011100
110001100
100001100
111010100
110110100
111111000
110111010
010111100
101001100
101001100
111100110
010010000
101001100
101011100
110111100
101000100
001000010
111101011
111110100
101101011
110110100
111101011
001110010
010101100
001000100
011101011
101001100
000010010
010000100
111101100
101001100
010110100
110110000
101001100
111001011
110011011
100001100
101001100
110001110
110111000
001000010
010000010
110101100
010100000
010000001
010111100
101001101
010100000
101000010
010101110
010111101
110110010
010111000
111110100
001000010
111101010
110110001
000101110
010111100
111101011
101001100
110000000
010100000
111001001
100001100
011110000
111111100
111110101
110110000
001000010
010000000
001001100
011101110
010000000
110000010
111100011
110111000
001000010
111101011
111101010
101000001
001001010
010000000
111101011
001001110
011000000
010011110
110010100
100101110
101001110
010100111
000111100
010101010
111100100
010000001
011001000
110001100
010111100
101001110
110111001
001001100
010101110
010011100
101001100
011101110
101110111
111110100
010100110
101001100
101001100
111110101
010111100
111111011
001000110
000111100
010000010
001000010
010101100
001000011
011000000
010001110
010110110
010000000
101001100
010101100
010000000
110111000
101001101
010101110
000111000
001000100
110111101
111100100
101110100
111110100
111010100
010111100
101001100
010111110
000000010
010111100
011111100
010000000
101110100
000001010
100111100
001000010
101100100
110000001
000100010
010111100
110111000
010111010
011101110
010000000
011101011
011010100
010000000
111101001
001010010
001000011
000000010
010111100
010111100
101101111
011110110
101001100
110111010
111100100
011101011
101101011
111110100
001000010
001000010
011110101
110111001
111001010
011000000
011010100
110111000
111110110
001000110
111110101
110111100
010000000
010101110
010111100
001001100
010101110
101000010
111110100
001000010
010111100
101110100
001000110
110111110
110101000
111101011
101101011
100111000
010101110
001001010
010101110
111110100
111001100
111110100
010000000
101000100
110111000
110111000
010110100
001010010
010111100
111000000
111101001
110110100
010101110
101001100
110000000
110111000
010111100
101001000
111100011
010101110
110111000
110101011
000111110
010111100
111111011
001000010
010111100
101001100
010111001
100001000
010011100
010110001
111010100
101101001
101001010
110111000
101110100
110110101
110101011
111101111
011001011
010101010
011101110
101001100
110101011
111110100
111101001
001000001
111111001
010000000
111101011
111110100
111101010
010000000
111110100
010111110
100001100
110101011
010010001
001001010
111101011
010010000
010000000
010101110
111111000
010000000
010111110
101101110
010011110
101000000
110111001
001000010
111110110
001000000
011111000
111110100
111001000
110101010
011111100
111110100
011100000
110111001
010111000
111110100
110111000
111101011
111101111
001000011
100111100
110011000
010001110
110000100
111101011
110010000
001010010
101101100
110111000
011111100
010000000
111110100
111110100
111110100
010111000
010000000
110010000
010000010
010111100
010101110
000101110
110111000
010000000
011000010
000111111
010111100
001000010
101001100
010010100
111101011
010101100
001000010
100111000
110101011
110100000
111001100
111101011
001010110
110111100
110101110
000000000
111101001
010101110
010101110
000111101
101001100
011101011
010000000
001000111
010101110
111101011
011100100
101110100
010101100
101001101
111010100
101001101
011101011
010101000
011111000
010101110
011101011
010000000
110111001
001000010
111101011
010101100
101001100
010101100
110111000
010001100
110111000
010101110
110111000
110001000
111100010
010101110
010101110
111110110
101000100
010000100
110110100
111101011
010101110
110110100
010001100
111100100
011111110
010011000
111111101
010111110
111111110
001101010
011101110
010000000
111001101
111110100
010111100
010110100
111110100
101101100
111111011
110110000
100111000
010000000
110111011
000000000
101001100
010000010
111111011
101001100
101110000
001011100
010000000
011101110
000111100
010111100
010101100
110110100
000101111
010100100
111110100
111101111
110111110
001000010
111110000
101001100
001000010
010111100
010101110
111111100
000111100
010101100
010101110
010111100
111101011
001000010
111111010
110111000
101101100
101000100
111101011
001000000
010000000
111101011
010001010
100110100
111101011
111110100
110110100
010000001
111110100
100111100
110110100
111110110
110101011
010101110
101101011
001000001
110111111
010101110
000010010
101001100
010101110
010101000
110011000
011101011
001000010
110111000
010110110
000000010
110101110
010101110
101001100
011010010
001000010
001000010
110110101
010010000
010101110
010000000
001001100
010111101
111110111
010101110
010101110
010100010
001111110
101001100
010111100
111101011
101001010
010111110
010111000
111110110
011000011
010111100
010111100
010111100
111110110
010111100
011010000
111010101
001100010
010000000
110111010
101110100
010110100
010111000
011111011
010001110
101001000
110111100
010000010
110111001
001000010
110101110
001000011
110111000
111100100
100111010
101001100
001110101
010000000
011000000
110111000
110100000
110110000
111110110
001000000
001000010
000000000
010101110
011000000
111111000
111110100
101001101
111101011
111111011
111111100
110111000
001000010
111101011
010111110
110111000
101010010
111101101
101111110
001010010
111101011
010100110
001000010
001001011
001001100
010101100
010111100
001000010
101110101
111110010
001000010
101011100
110110100
010001100
000001110
010111100
101110100
010111100
000101010
010111100
010111000
111101001
111101011
110000000
111110101
101001100
111101011
111110001
000111000
101001100
111010100
110101011
010101100
111010000
000101100
110111000
010101110
110110100
111001011
001000010
010101110
010111100
010101100
001000010
111111100
010000010
010101110
000111100
010111100
010000000
111101001
010111100
001010110
110111000
111101011
001010010
010110100
010110010
100000000
110110100
101001100
000000000
110101011
111100011
010111100
111110100
010101010
010101110
010101110
101001100
110000100
010001100
111100011
010000010
111101111
111110100
111110100
011000110
010000000
101000100
001000010
010000000
010110110
110111001
101001100
111110100
010111000
100110010
110101110
011010000
111110101
111100000
010101110
110111001
101101011
110011000
001000010
111001011
010101110
111110100
010101110
111110100
000111100
010000000
100111000
111001100
010000000
110111011
101001100
101011010
101101000
011101011
010010100
010111110
101001100
010000000
001010010
110111100
001000010
101001100
001000011
010000100
001100010
011100100
010110100
001001100
010111100
010000100
010010000
111111001
111101011
000000010
110011000
101110101
101011100
000111100
101111011
110111000
000101110
101011100
101000100
101011101
001000000
010000010
010111100
010111100
111111111
111100100
010101110
111101011
001000010
001000010
010111100
101001101
101000010
010000000
000000000
110011100
110110100
000100110
110101011
010101110
110111000
101011110
011101111
011101011
010100110
101110100
010101110
110101110
011110100
101101100
111101011
011101001
010111000
111110100
011111100
101000010
110000000
010101110
001000010
110101001
110111000
001000011
110100101
110111000
001000010
001101110
111010100
111110000
011110101
010100110
111101011
010101110
011001011
001100010
011111000
111110110
111110100
110110000
110110100
101000100
010101110
101101000
101110100
110101011
011101100
001001100
111101011
010101110
010100000
000000110
111110100
001001110
010111100
001000010
010101110
111001100
111100011
010111100
111110100
111101011
010000000
001000010
101001000
011111011
010101110
000001000
010101110
011101001
101001010
111101011
110111000
111110110
111101001
110110000
101001100
101010010
110111010
010101110
010000000
101001100
001100010
001000010
110100000
011001000
111001000
010101110
111110100
010111100
010111100
001100010
001000110
001001100
101001100
010111110
010000000
101001100
001100010
001100010
111110100
010111000
010000000
010111110
101001100
010010000
111110100
111101011
111110100
111110100
010111100
100111000
001000010
001000010
010010001
010000010
111110100
011000000
010110100
111001110
111100011
001000000
111101011
111110100
010101110
010011100
011011111
111001100
110011001
111101011
011000110
101001100
010000000
010000110
011000000
111001100
010111100
101000010
111101011
010111100
010101111
111100111
010101110
010000000
110111000
011101011
110111100
010000000
010111100
111100011
000010000
001010010
010111000
010000000
111101101
110111100
111101011
010110100
010101000
111111100
010111100
010000100
010111100
000011100
101000011
001000111
001000010
010101110
111110100
101001001
010101110
111101011
101001100
100110000
111101011
111101011
110110000
101010101
111101011
001000011
010101110
000000010
111100011
010111000
010011000
110111000
000000010
011101010
111111100
110111000
010000000
001000010
001001100
010101111
101000100
111110100
010101110
101001101
010011100
111001100
101001100
111101011
001001101
011111100
111101011
111110100
010101110
011110100
010101110
001000010
101000110
000101110
111110100
011000010
110111110
101000100
001000010
010000000
110111000
001101010
101001000
111110100
110111100
101001100
111110100
111010101
100111000
111110110
010001100
110100000
001000010
011110100
010101110
111101011
010111100
111110100
111100100
110000010
101001101
010111000
101001100
001101100
110111000
111001011
001000000
010000000
011101011
101001110
010000000
111101010
101001100
010000010
101001011
010110101
110111000
010101110
101011000
010000000
000110100
111101011
101110100
101001100
010101110
100000100
101001110
101001100
110110000
010100100
111111100
010110100
010000000
010111110
110110100
110111100
011101010
110111000
010101110
010000000
011111100
010101110
111101010
010001000
110100000
110111100
110111000
110001110
101000010
101001101
010000000
001000010
010111100
001110000
001000110
110000000
111101011
111111000
010111110
010111100
110111000
111110000
110111100
010111010
100111000
010101110
111001011
101001110
001000010
111111100
011001000
111101011
010111100
010110111
011000011
111110100
111001011
011111010
110111000
010000010
110110000
010101110
100011000
100011000
101001100
110111010
111110100
110111001
101101011
100111110
001000010
001000000
010111100
010000000
011011100
010000000
101001100
000111110
010111100
001010010
010000100
010111100
110111010
100110100
011000110
011101011
001001010
111101001
001000110
111110100
001010010
111001011
111101001
001100010
010100011
010010010
010001001
100001110
010101110
010000000
110111010
101001100
001000010
010110100
010000001
101001101
010110110
010000000
000111110
010101110
100110100
010101101
001001010
110011000
010111100
110111000
000101000
010110100
001010010
101001110
001000010
000100010
001000010
101000110
000101100
010101110
110110000
010101110
000000001
001000010
010111100
010000100
010111100
010101110
110101110
010111010
010100100
010111001
011110100
010111100
010100000
001000000
101001100
000101111
111001011
111110110
010000010
010001001
010111100
011001111
011011100
110110000
111110100
101111000
111110000
010000000
011101011
111001011
100111000
011001010
001101100
010111000
010101100
101001100
010000110
001000100
010101110
000101110
010000000
110111000
111111011
010000010
010101110
010101110
111101111
111101011
010000000
100110000
111101011
100111100
111110100
111101011
001000010
010101110
101110100
010111100
111110100
010000000
111100100
111101011
100110000
101001100
010111110
101101011
111101101
010000000
001000010
010111110
010111100
101001101
010010100
101001101
111111100
010000100
101101100
001000010
011111100
000000010
001000011
111101011
111101011
101001100
111101011
010100000
110111000
011000000
010000000
001001010
111110100
010111000
101101100
111101010
001000010
100111000
110111010
100001100
111010111
100110000
111010100
010101110
011111100
110111000
101000010
010000000
001010010
001000010
010101101
011110100
001000011
010101110
011001000
111100011
010111100
111011001
010111000
100011100
110101011
010000010
101001100
011101000
101001100
010011000
010000000
010101110
110111100
000001100
010111100
010101110
110001001
010001111
001000011
011110100
010000000
010111100
010011100
000010010
110110101
001000011
010110100
010011100
010111100
001001010
101001100
101110100
010011100
110111000
010000110
111111000
000111100
110111000
111101010
010000000
110111000
010000000
010111010
101001100
010101110
111101011
010000010
101001001
110011000
111111011
111110000
111110100
111101011
110111000
101001100
010000011
010101110
000000000
010101110
010000000
010101110
010100110
001100010
101111000
000101110
010111000
010011100
001100100
100011100
111100011
100101110
100110110
010111100
001001010
101101100
111110101
010000000
011111110
010000000
101101100
010101010
001000010
000111110
111111000
101011100
010101110
011111101
100111100
001000010
111110100
111111000
010111100
010000000
110111100
010000000
010010100
110111010
110000100
010110100
001000010
110111000
101101001
101001100
010101100
010101100
011101001
010111000
110001011
101001100
101101011
111101011
010000010
110010100
111101011
111001011
011111100
010111000
111110000
110100110
010101000
101011100
000000010
010111100
111110000
101111011
110101100
110111000
000001000
011101011
110111000
010000000
010111100
101001100
010111100
010111001
011100010
110101001
000111101
110111000
001000110
010111100
111001100
111101011
010111100
010101110
111101010
111110100
101001010
011111110
110011000
111101011
101100010
001000010
000101100
100111100
111101011
011101110
110011100
001001100
100110101
001000010
111101011
011000011
010000000
111110100
001000010
110111100
000000100
110110100
101001100
111110100
000011100
010111100
010000000
110110100
110111000
111101011
110111100
111111011
001000010
010000000
110111010
101001100
110111000
111101010
010101110
010000000
001000010
010000100
110101000
110111000
001000010
010000001
111111111
110111110
000000010
110000010
001000010
110101000
110111100
000101110
010101110
110011101
001000010
010111100
101001100
010111110
101001101
010101110
111110100
100011100
011110110
110101110
100111000
010111000
010010100
001000010
010111101
111001001
110001110
010001001
010101110
111101011
010111100
001001100
111101001
111100011
111110100
111000011
111101001
101101011
001100010
010101100
001101010
010101110
101001100
001000010
011001010
001000010
101000011
011000110
010101110
111110100
010000000
001110100
110111010
110110110
101001100
011101011
010000100
000010000
111000010
111001011
110011011
110101110
111100100
010001110
010111000
111110100
111110100
010101110
010111100
111101011
110111001
111101011
110111000
001010010
101001100
111101011
010111100
010110000
111110100
001000010
010000000
001000110
111110101
001010000
111100101
111110100
101101100
010000010
101001100
010101110
110111100
110011000
110111000
101001110
010000000
110000000
110111000
011111100
111101011
101101011
011000000
010011100
110111000
110011000
010110110
001000010
010111100
001001000
001000110
111110100
110011010
011000010
010111110
010111100
010000000
110010000
101001100
010000000
010111110
101001010
001000010
101110100
011101110
010000000
101101011
010101110
101001110
101100100
111101011
010100000
101001100
111101011
111001100
111110000
000110000
111111100
010101110
001100010
110111000
111101010
110111010
010111100
010101110
111110000
010101100
001000010
000101111
001000010
001000000
111110100
001000100
111101011
010101110
111110100
010111100
001000010
000111100
100001100
010100110
010111100
110000110
111111011
011000000
111110100
000101110
010000000
010111100
000111100
110111000
100111000
110011000
111101011
101000010
001000010
111101111
001000110
100001100
001000010
001000010
101110101
010111000
001000110
111100011
010000000
101101000
010101000
000000000
010000000
100001100
111101011
001000010
110111100
101001100
111101111
010100110
010000000
101011100
111011110
110011000
010100110
111010100
010111110
111110000
110111100
101001110
010000000
010111100
110111000
010100000
010111000
010100110
010101110
010111100
110111000
001000000
010111101
111110100
001000011
110101000
111101001
100001100
010111000
010111100
010001000
111010100
001000010
101001100
110111100
101001100
101111000
010000001
110111000
110000000
010000000
000000110
010101110
010111100
010101000
101001101
010111100
000001000
110111000
010110110
110000100
111001011
100001100
111101011
111110101
101001101
001100010
110111001
110101011
011011110
111101011
111101011
010101110
101001100
111001011
110111000
100100000
111010100
010101110
010111000
111110100
110111010
010101110
111110100
011000010
111110100
010111100
111110000
001100010
111010100
111110100
010010100
001001000
010101110
101001100
010000000
111110100
110101011
101000010
010101110
111110100
111101011
111111011
111101011
111010000
111110101
010101100
010101110
011000010
001000011
101001100
010101110
010111101
000001010
010101110
111110101
001010010
110111010
010011011
011100010
101000100
010110000
111110100
001000010
111110100
010100000
110111000
001000010
001000010
010111100
011000010
111110100
111110110
000001100
101001101
010001100
010111101
110101110
000000000
010101110
110111011
111101011
111101011
010111100
110111000
010111000
110111011
111110100
000000000
000001000
101000100
010101110
000000100
110110100
010111110
111101111
111111100
010000000
010000001
101001000
110001000
111011100
110111000
110111000
111011010
111111100
100001100
010100100
110101100
010110000
101001110
111101010
111101011
000111101
111101011
000101010
100001100
011110110
010111000
101001100
100111101
011101110
011101001
010101110
101000100
010101110
111110100
010000000
111101011
111010100
010101000
110101010
010101110
101001110
011101011
010101110
000000010
110111000
011101010
111100100
110101010
001000010
101110100
110111001
110101110
010111100
110111000
010101110
001000010
001000010
111111011
010111100
001000010
100111100
001000010
010000000
011000001
111101011
111101001
010111101
110111000
001000011
010101100
111111110
011101011
110101011
101001100
110111000
110111000
001100110
010000000
010000000
010101010
101001100
110101011
010010110
101101100
011100110
011111110
011110101
001000100
001011100
110110000
111110101
010111111
010111100
001100010
001001100
101001100
110111000
000010000
110011010
110111100
111110000
010111100
001000011
010000001
101011100
010100010
011011000
010101010
111111011
011111000
011000011
010110100
010110100
110110100
001000010
110111000
101001100
101001100
010101111
111111101
010111100
101001100
111111100
110111000
110111000
010111100
101001100
111100011
010010000
110111100
000111100
001000010
010111110
111000011
101001100
010100100
110010000
111110100
010111100
111110100
001000010
110011000
111101010
010000000
010111100
010000000
110000101
011110100
010110000
010110100
010000100
010111010
111101011
010000011
010111110
010101110
101100101
111101011
101000101
110100011
111101011
101001100
111110100
110011000
000101110
011110111
001000010
101010100
010111100
010101100
110111000
101110110
110110100
010100000
111110101
110111100
100001100
111101011
101001100
001011010
110101100
111001011
111110100
101001101
010101000
110111100
001000010
111110100
001001100
111101011
100110100
001000010
110000100
010111100
111111000
010000001
001111100
111101010
101100011
010100000
111000100
010000000
010111100
011001000
111101111
010111100
111101011
111111011
010111100
010101100
010000110
111101011
010000000
001001111
101001100
110001000
010000100
101001010
001000110
010000000
001000010
110110100
001001100
111101011
101010100
010111100
110000000
010000000
001000010
010111100
110111100
111101011
111101001
110111000
010111100
111111011
111101011
010101110
010111100
010111110
111110100
110101011
011000010
010000010
010000000
101001100
010000000
110011000
111101001
011011000
101001110
111010100
111110100
010111100
111111110
010101110
000001010
010011110
111101011
010000000
010000001
001000001
011111111
001000010
110110110
010000000
110111000
111110100
110101011
110100100
010101110
011100110
000100000
111110100
111110101
010000000
111101111
001111100
011101011
010111100
101001101
111101010
111110100
001000010
010000000
010001000
010000000
100000100
111100011
111110100
100001100
101001110
111110000
101110100
111101011
010000101
000000010
010000000
010001110
001100011
100001100
111101011
010000000
110111000
111101010
111101011
111101011
101101011
100001101
101001011
010101110
011101110
010111100
101000000
100000100
010100110
010000000
111111000
010101110
001000010
000001000
110111000
010111110
110101110
011101111
010111100
111110100
111110100
011111011
011101011
010101100
111000000
010000000
110111000
110000000
001011010
111011100
111100101
111100011
001000010
101001100
111110101
110111000
100000010
111100011
010111101
010101110
010111110
110101110
101001100
110111101
010111100
010000000
011100111
111110100
111001100
110111100
110111101
111110100
010010001
010101110
101000100
001000010
110111100
110110100
111111011
111101011
101001011
010110100
001010010
110111000
011101110
111101011
100001000
111001011
110111000
100110100
010111100
001111000
101001100
110010100
101001100
010000011
110101011
111101011
110000100
010111100
010111100
010110100
010111101
010101110
101001101
111101011
010011100
111110100
110111101
111110100
111110101
101001000
110101000
110111000
100111000
010000001
111101011
010101110
010010000
110101000
101101010
010111101
100111000
011100001
110110000
101001101
011101110
011101110
001001010
010101110
011110011
111101011
010100110
011010110
110111000
111101011
111101011
001000010
111110100
010111111
010000000
010000000
010000000
101001100
010010000
110000000
010101110
110111000
101000010
010111100
010000000
010101000
010100000
010101110
111101011
010111100
001010010
110110000
100111011
101100010
111110100
111110100
111110100
001000010
001001111
010111100
010111101
110101010
010101110
111101011
001000010
000000000
010011000
010101110
001000010
110111000
110111000
101001100
110101000
110011000
111101011
011101010
110111000
110110100
010111000
010111100
111110100
111110101
000000010
101011100
010101110
101001100
000001110
010001000
111010100
010000000
110111100
110000100
100101000
111101011
110111100
101001100
010111000
010111100
110111010
001000000
110111000
011101011
101011000
101101111
110111100
111101011
101001100
010101100
110011100
000101111
110000000
101001100
110100001
110000000
110111100
101101111
111110110
010111100
101001100
100001100
011101110
010110100
010001101
001010011
111101011
110110100
010101110
010101100
110111100
110111000
101001100
101011100
010000001
011111100
010001000
111101011
110110110
001000110
001000010
111001010
010000000
010111000
111001101
010101110
101011100
100111110
101001100
100001100
110111000
001000010
111110110
001101010
110010101
000111110
001001010
111101011
110110000
010111110
010111110
111111011
110100000
010000000
001000010
101111100
111100110
010000010
001010010
001000000
010011100
010111100
110111100
010000000
010001110
000101010
010100110
010110101
001000100
011100000
010000000
000101110
111001100
111111011
111101011
011000010
010101000
101001100
010101110
111111111
110111000
000111000
110111000
111110100
001000011
100111110
111101000
110111000
110010100
110111010
111110100
101001011
010111100
010101110
101001100
101001101
001000010
000000010
010111100
010101110
101001100
010111100
011001011
111100000
010111000
111010000
010001110
110111100
010111110
010000100
010111100
010101110
011100100
010101110
111111011
011100000
001000010
010101110
110111100
110101000
101110100
010000000
000100010
110111000
010011001
010011000
010101110
110111000
111110101
101001100
111110100
101001100
101001100
111111100
010000001
010101110
101001000
000010000
111101001
001100010
010101010
001100011
010101100
010001100
110111000
010011110
010000000
011000100
110100001
001000010
001000010
100000000
001000010
010101001
111101011
000010010
010111100
101001100
111110100
111110100
010001110
111111001
110111000
000101110
010101010
101001001
010101011
111100011
110101110
111110100
101001100
010111100
001101011
100111000
111101011
111111000
111110100
010000001
101001010
001000010
110110000
110101110
010110100
100110100
110011000
010101110
100001100
001000100
010101110
111111000
111101011
101001100
010001110
001000011
110111000
111110100
010000000
111101011
010111100
110100000
111000111
111110100
011000000
111101011
001010110
010111100
001011001
001000000
111101011
111010100
000111100
001000001
010101110
111110100
010111010
100111000
010111110
010001000
010000000
111001011
110111000
110111000
110111000
111101010
111011011
111110100
010111110
010101110
111101111
010111100
111100011
011101110
101101100
111010101
000100110
101001100
101001100
110011000
101001100
010001010
110111000
010101110
101001100
101101100
001000110
110111000
110101011
010001110
111111000
010111100
111101011
111010100
010001100
001000010
111001111
010000001
110111100
001000000
010101110
001000000
110111000
011101110
110111100
110111100
001000010
001001100
011110100
101001100
111110100
000000000
101101011
001000010
110111000
010000000
011101110
010000000
010010000
010000000
011001110
010111100
111110100
010011100
101100100
000000110
110111000
110101100
111110100
111110100
010111000
011000000
111101000
011101011
101110100
010101000
111101011
010100000
001010010
010111100
101001100
000111100
101000010
011000000
111110100
001000010
001000010
010101110
010101100
111101011
111110100
111110000
101001100
001000010
010101110
101001000
010000000
011111110
010000100
011001010
101001100
111101111
011101111
111010100
101000010
001001100
111101011
001110110
010101110
010100000
110111000
110110000
011111100
010101000
101001100
011000010
001000110
110100000
100001100
100011100
101001101
001111100
010000000
010001000
101011100
010111110
110111010
100101100
001010010
101001000
110111000
010000000
010000100
110101010
000101100
111010100
010111100
001000000
001000010
111110000
001101010
011000000
101001100
101001010
010101110
111110100
010101111
101001100
010111100
010011110
010101110
010100100
101100010
101001100
101001110
110111000
010111100
001001100
010000000
000101111
101110100
011110000
011000000
111110000
000100110
101110100
000000011
011101110
111101000
001011000
011101110
101001100
010111100
110111000
100010100
101000010
010000000
111010101
101100000
000111100
101010100
010111100
110011000
010000001
010111100
101101100
010010000
010100010
111001000
001000010
101110100
110111000
111110100
101001100
010111110
001100011
111001010
011110100
010111100
010100000
111110100
110010100
111100100
001000010
001000010
001000010
111110100
111101111
101001100
001000000
010001000
001000010
101001100
001000010
111110110
010110100
101101011
110110100
110110000
000000000
111100110
111100011
110111000
110011100
101001000
111101011
010101110
010110100
001000010
011111101
110111000
101001100
100001100
111110100
111110100
111101001
101001101
010000000
010000000
111110100
101001100
010001000
111001111
101001101
100001100
101001100
100111000
101001100
010101110
111111100
110101010
001000010
001001101
111110101
010000000
101100100
111111000
010111100
010111100
101110110
001000000
010011100
010000000
101001110
110111101
010111111
111101011
010000000
010000000
101101011
111101011
111101010
001001100
001000010
001000010
111101001
110111010
110111100
110111000
011101001
101001000
101001100
000001110
001000000
010001110
110011000
001000000
111000000
110101111
010000000
110111001
101001110
110101001
110110001
010000000
001000011
111110100
100001100
111001011
111101011
111101011
110001100
101001010
110101110
001000010
101110100
010101110
110111100
000111100
111110100
101001100
010111100
100001100
101101000
110111011
111101011
010101110
101110000
011000100
010101110
101001100
110111000
100111000
001000010
010000000
010101110
101000110
001100010
111110100
101101011
001001100
101001100
010111100
001000010
001100110
110111000
111111100
010101100
010101110
110101000
010101111
011101111
111101110
111010100
101001100
011101010
110111100
111101011
010111010
101101100
110111000
010010001
010111100
010000001
100101010
010111100
101010010
110110100
010000000
010100110
011101011
100100000
010000000
010111010
001101100
101101011
010101000
101001100
110101110
010101010
111110100
110111100
011101000
101001100
101001100
010111100
010110100
100101100
101001100
001000010
111101011
101001101
010000000
110110100
011111010
010101100
110111000
101001110
010111100
111101011
110111010
111110100
110111000
010111100
010101010
111000101
111101011
010001110
101000010
010111100
111110100
111001011
010000000
010111100
010110100
010101100
001000011
110011000
101001110
110111000
111001011
010111110
001000010
110111000
101001100
101001100
011000000
111100011
110101010
111001011
111110100
111001010
011111110
101101100
010000000
111110000
010111100
110111000
010101110
010101110
111111000
111100111
010001001
110101011
000111100
011000000
110111001
111111000
010001000
111110100
111101101
110110000
111001111
001000010
111101111
101001100
011000010
010000001
010111110
010000000
011111001
011111001
010110101
000000000
110111000
010000000
010111110
010101110
110000000
101101010
111101011
000000010
010000000
111001100
010000000
110111001
011000000
010101110
010011100
110111000
010111000
010111100
101010010
101001101
000111101
110111000
010111100
111101011
111110100
010101110
010111100
001000010
110000000
111110100
111110100
001000010
011110110
101001100
010101110
011110100
010110100
110111100
000000010
111110100
010000000
110001000
010000000
001000011
100001100
111110100
111001100
001001100
000101110
000111101
110111100
000100111
111110110
111101011
010101110
111101011
010111100
110110100
010000000
111101011
010111100
010101100
010111100
110111000
010101110
111101011
001000011
010000100
111001011
110111001
010101110
110101111
110101011
010111100
010000000
111110100
010000000
101100011
000001110
110111000
110111101
101001100
001010010
010000000
101101100
000101110
101001011
010101110
110111100
010111110
011000010
010000000
010101100
111101011
001000110
010111100
010000001
111110000
111101011
001000010
010111100
010000001
111110100
010101100
010111100
110111000
001000010
011001000
111110100
111101011
011110100
101101011
111110000
111100100
111110100
110111000
110000010
010100110
010101110
110111000
111001101
111110100
110110000
101001100
110110100
111111000
010011100
010000000
001001010
001000010
110111010
011111011
101000010
000000000
111110110
111110100
101000010
001000010
101001000
010000000
011000010
000111100
110111000
010000100
010001000
110110000
001000010
111110100
101101100
001000010
111000010
111100100
101101010
111101011
010011000
110011000
111001100
010100000
100001100
001000000
111101011
110111000
101001100
111110100
101101100
010000000
010101011
010000000
101100011
010010101
010010000
111101010
111101011
110111001
010010100
110111100
001000010
001000010
111110100
101001101
010010001
010000100
001001010
101010001
111111000
010111101
010011100
111101011
010101011
110110100
010000000
100111101
111110000
010011100
010000000
001010010
100110100
100111000
111110100
010111100
101101011
111110100
101001100
010000000
110100000
010100110
010000001
010000000
010001110
110111100
111101000
011001011
001010010
110111000
010101110
000000000
010101110
011101011
001000000
001010010
111101011
000000010
101001100
110110100
101001100
011010100
010111100
100111000
010111000
111110000
010000010
111111100
001001000
101001100
110000000
010100000
101001000
000011000
111110100
001001010
111110100
001000010
011101011
101001110
000000010
010111100
110111010
111110100
111101011
010101000
011001010
001000010
010000000
101011100
101101011
000001111
010101100
111110100
010101110
111101100
110111000
101101011
110111000
010000010
110101110
010101111
101101100
010111100
010101110
101101100
110000000
111110100
010000000
111101011
001000010
111101011
110111000
010000100
010111100
010101010
001000100
010000101
110111100
011110100
111101001
110111000
010101100
001000010
001000010
010101110
110101000
010101110
111101111
111101011
011100010
111101011
001101011
111110100
110111000
110101011
001000010
111111000
111101001
010100100
010111100
010111100
111110100
010101110
010101100
111101011
111111010
010101110
011000010
111110010
111101011
111101100
110111011
001000010
111101111
110111000
101000010
111110100
111101011
111110000
010000000
111100100
000101110
110111000
111110100
001000010
111001110
111100100
000101110
001000011
010101110
111101011
101000100
001000010
000101110
101001110
111101011
010111110
101100010
001100010
101001100
010010000
000111100
010101110
111110100
111101011
110111100
001000010
110111000
001000110
011101110
000111100
101001100
001001011
111101011
011111100
001000010
101001100
111101011
110110000
000110100
010100000
010001110
111111100
001000010
111111110
101110110
001000010
010111100
011001100
110111001
101001000
111110110
101001110
101001100
010101110
111101011
111110100
101110100
100111001
110111000
001100010
101001100
010100010
010101010
001000011
001000011
110111000
111111001
010101110
010000000
111101011
111110110
101001100
010111110
101001100
010001110
010101110
110111001
001000010
001000010
010101110
001000010
111001100
101001100
010111100
110111000
010110100
111110110
111111011
101001100
101001100
010111100
111001101
111101010
010101100
010111100
111100100
110010000
111110100
010101110
010101110
110111000
010000000
010111100
010101110
000000010
110111000
011101011
110011000
100001100
110101010
111110110
010000000
111101011
000000110
101001101
111101001
110110001
111001100
010001110
111101011
110010000
010011100
001010010
010001000
110100110
011000000
101110100
011111100
001001010
001000010
111110100
100001101
111110100
110100000
010000010
110000000
001001011
010101010
100001010
111100101
111101011
001000011
111101011
010101110
010000000
010010100
110111100
010000000
010000001
111101011
111110100
010100000
100111000
010111100
111101011
001000100
001000010
010111100
010111100
110100000
010000001
111100100
000101000
010011100
111101111
100111000
000001010
010101110
010101110
010000000
010101110
111110000
101010100
000100100
110111000
001101111
010001000
110110010
110001000
010001110
100101000
101011101
100111100
010010000
000000000
001000010
010111100
010011000
010101110
000111100
110011110
010111100
101111100
010111100
010110100
101110100
101001100
111101011
001110000
010110110
111110100
010111100
111101011
010101010
101110100
110101011
010101110
010111100
110111000
010111101
101110101
111110101
010101110
010110100
110001000
111001011
111110101
111110100
000111100
111100100
110010000
001000010
100110100
010000000
111011100
110000000
010111100
011101110
010011000
111110101
010000000
111100100
111111000
001000010
001000010
001001000
010000010
010000000
101001100
011100010
101001100
000111110
100001100
001100010
010111100
100111010
010111110
011000010
111111100
111111011
010110100
111101101
010101110
010000000
011000110
110111000
010111100
010000000
100101100
101001100
011111100
101011100
110111000
111110100
010110110
010011110
110011100
010101110
101001000
001001100
111110100
111110110
111001010
010000100
110011000
011101011
110101010
100000000
110101011
010111000
110011000
001000110
111101011
111001011
111110100
010000000
010111100
111110000
111101011
001000010
100001100
101001100
110111010
010011010
001000010
111100111
110101001
010000000
100110001
010001110
101101100
111110100
111110101
101101100
000001000
110111100
010111110
110110100
110111000
110101011
001000010
000101110
111110100
101001101
001000100
110110100
011000000
010101011
110111100
111101010
010101110
011110000
110111000
111001100
111101011
001000000
101001100
010101110
001000010
001010010
110111000
101000100
010000000
001000010
010000000
110001000
010111100
101001100
100001100
111110100
000111100
000111100
110010000
010111100
001000010
001000010
111111100
110111000
111101011
010101111
100110100
001000010
101111100
010001000
010111100
001000010
101001100
111110100
101001100
010000000
010000000
111101011
011000000
110101000
111101011
011101011
110111001
101001100
001000110
000000010
110111000
111101001
110111100
001000010
111101011
000111101
111101011
010101110
010000010
011010000
010100000
101000010
011110000
010000000
110111100
010111100
111001100
011111100
010011100
111101111
101101011
110111001
010101110
000000010
010111001
111111011
111110101
010111100
111111011
001001000
110111000
010000101
111000010
110111000
001001100
101101011
111101011
111100101
001100110
110111000
011111100
111101011
010111100
101010100
001000110
010000000
010111010
111110100
000000010
101001100
111101010
110111000
011101110
010101110
110100001
010001011
011101000
010101110
100101010
111101011
111000100
101101110
110100000
010101110
010111100
010001110
001000010
010111110
010011000
011011000
111110100
010000000
000000000
010111000
101001101
001000010
011010100
010000010
111101011
111100100
011000000
101101100
010111100
011111100
001000010
010010000
010101110
100110000
101001100
010001000
010010000
000001110
010000000
011111100
111101011
010111100
100111000
010101110
010101110
111101011
101101100
001010010
000011100
010100000
110110100
010100100
001100011
110111000
111110100
000000011
010000000
101001100
111101011
110011000
101101101
001000010
010101110
111001111
010000000
110000000
010111100
011000010
011110100
111110100
010000000
010001000
001000010
101001100
110111000
111010000
110111000
011010010
110101100
101110100
010101001
111001011
010101110
110111100
111110100
101001100
010010100
001000010
110010000
000111110
110101011
001001100
101001100
010010000
110111100
111110100
010001001
111001101
110011000
010101100
011101011
010101100
111111010
110010000
110110100
011100010
010011100
001000110
010101110
010111100
000000000
001001100
100111000
000100010
001000010
111101011
111111000
101000100
101001100
010011100
010101110
110111000
110110100
010111000
111110100
011111100
110111000
111101011
110111001
101001100
110111100
010000000
010111110
110000000
010101110
010001000
010101110
000111100
110000010
111001100
010100110
110101000
101111000
111001011
011000000
010010000
010101100
110111000
110101011
111110100
111110100
010000000
010101100
110101011
001000010
111101111
010101110
010111100
101101011
111110100
001001100
101111100
110110100
101001100
101110100
010000010
001000010
010101110
111110100
001000010
110101110
010101011
111001100
110111000
001000110
010101111
111001011
000101110
010001000
001111000
111111011
110011000
010000000
110111000
001000010
010000010
100111001
010000110
101011100
110111000
010101110
010101100
110101110
111110001
011101111
111101011
110111000
010000000
010101110
010111000
101110100
111101011
001000100
101000101
010101110
000000000
110101000
111110100
110111000
000101110
010111100
110110000
010101110
001011100
010100110
001000010
010111100
010101100
010111100
111010100
110001110
110110000
010001000
111110100
111110000
110111000
111101011
001000100
111010100
001101011
101001101
110110000
010111100
110111000
110111001
010111100
010111100
111001011
110111000
001111100
111101010
010000000
101001100
111101011
111101010
011000010
000001000
011110100
101001100
011000100
111101011
110101011
110011010
110111001
110000000
010010000
010101010
110110000
111010100
010111110
001000110
010111100
110111000
111101011
010010000
110101110
001000010
010111100
101001110
010111000
010111110
010000000
001000010
101001000
111111011
111101001
110111000
111110100
010101110
111101010
111111011
001000010
010111110
111101011
100001010
000111100
111101011
111101011
010011100
010111111
001000000
101001100
101000011
101001110
011000010
010101000
110110100
100101100
111101001
010111110
010111100
010000000
111110100
111110100
001000010
111111101
111111000
111111000
010101110
010101110
110111000
101111000
010000101
010101110
101000100
111000010
101001000
010101110
010001000
010000000
110111000
101001100
010110110
110001110
010111110
111101011
011101011
011101010
101110101
000110100
011111101
100101111
111110100
111110100
111101011
010111100
011110100
001000100
001110100
111110100
011000010
111101011
111101010
111111011
011000010
010101010
010101111
110111100
111110101
111111111
110111000
011110100
111101011
010111100
101101100
101001100
110000000
011101000
101000000
001000010
011100100
110110100
011100110
010111000
101001000
100001100
010101000
010111000
111101011
010111101
101011100
