110100110
010101111
111110100
101001100
000111100
001000010
101001100
010000000
010101000
010111100
101001100
111110100
001000010
111110100
010111110
010101110
010101100
010111000
010111101
010111100
111101010
010101110
010010001
111110100
110111100
000101110
101001100
101101011
001110100
010101110
010000000
001000010
100011100
001000010
011100000
011101110
101001100
111101011
000101110
010000000
110011000
010111110
010000000
010000000
010000000
111110100
010111100
101001100
101001100
110111000
011110100
010111100
110110100
010101110
001000010
111111100
111110100
011010000
110111000
111010100
010111100
010000000
010000000
111101011
111111011
011000010
111111000
011101100
011001000
010101000
101001100
010111100
111101011
111110100
110110100
011000000
010111000
111110110
110101000
101101011
000000000
111111011
010101110
100000110
010000000
111110100
111101011
010111100
111001000
111111100
111101011
001000011
001000010
010110000
011110110
010001110
010000000
010001110
111110100
111001100
010000000
010111110
111101001
010101010
100111000
010101100
111110100
100011000
010101110
110111000
010010000
010100000
111110100
111101011
010000000
001000011
111101011
010111110
110111001
010110100
001000010
001001100
011101010
110111000
111110000
010101110
010111101
110110100
110101011
110111100
110111000
101000000
110111000
011000010
110111100
011011101
001000111
111001100
010000000
101001000
110111000
101101011
101001100
111110111
010100110
100000010
110111000
111111000
010010000
000111000
111001100
101110100
011000010
111110000
111111000
010111100
010111101
101001100
010111100
011000010
010010000
111100100
011000010
111101111
111011011
011111100
010000001
000000110
010101100
111001110
101001100
110111001
001000011
110111000
111111011
000101100
001010110
111101011
010111100
010101110
111101010
111101011
111111100
010011100
101001100
001000011
100001100
111100111
010101110
100011100
110011000
001000010
010101100
010111001
111110010
110101110
101100100
010010001
111101011
010001100
110111001
010101010
111110100
001000010
001001000
111101011
010000000
101001100
010111000
101001100
101011100
011101110
011111100
110111000
010000000
110101111
000101110
110111100
010111100
110101000
001111100
111110100
111110100
111101011
111010100
110111000
000011100
011101011
010000010
001000010
110101110
111111100
111110110
010111100
010001110
101001101
001100000
111010100
111101011
101010110
111101011
010000001
111101011
010101110
100011001
111110100
100001100
111001011
010000100
001000000
111110100
111110100
110111100
011111100
010001110
000111100
111101011
111101011
010010100
110000001
100001100
011111011
011110100
100011110
001000010
010001010
010010000
010111100
010111100
111111000
111110100
110101110
010111100
101001100
011101110
010111011
111101011
110111010
110110100
010111100
010111100
010111000
110101011
110111000
111001100
101001100
010101110
111001011
101100100
111110100
010111100
010000000
111100110
000000000
010000000
101001110
110101011
010100000
000110100
101001100
110111100
111111100
010101110
010101110
110110001
110111100
010101100
001000110
010011101
010011100
100100101
010000000
001000010
111110100
101001110
000001100
110110100
010000000
010111100
101001010
110111000
111110100
010011101
000111100
010000001
010101110
010000110
010111101
010111110
111110100
111110100
011000000
010111000
111101011
110110000
111101011
010111101
000100000
010101110
010000001
101100010
101001100
001000110
111001011
110101000
010111100
011000000
011101011
110101000
011110100
111101101
101101011
010111000
110111011
101001100
010000000
110010100
111101011
011100010
101001100
001000010
001000010
010100000
111110100
001000110
010101110
110001000
111101011
111110100
101110100
001000000
011000000
111101011
010101110
000000000
111110100
111101011
110111000
010000000
110111000
001001110
010011100
000101000
010000100
111101011
110111000
110100110
101001101
010001000
001000010
010100000
111101011
100101110
001000010
010101100
011000100
010000000
001000110
011111000
111101011
010001110
010111110
111001000
101001100
101101011
110110100
111010100
001000010
101001100
001000010
010000000
001000010
010000000
111101011
010000000
000100000
010100000
110111001
101000010
101001000
110001100
010101110
110111100
011111100
010101110
010100100
111111000
110111100
101001100
100101000
101001110
000101000
001000010
101111100
110011100
111101011
101011100
110111000
101001100
010111100
011010000
111110100
111110100
111101011
101001100
010000100
001000010
111110000
001000011
010111000
111010001
010000010
111001000
010010000
110111100
110110100
010101100
010101110
010111000
101001100
111101111
101001000
010111100
010111100
010000000
110011000
011111100
111101011
100101110
111110100
011000000
100101100
010000000
110111100
000101110
010000000
010101110
111101000
101010100
010101110
111110001
111100100
000101110
010010100
110101110
111101011
110111000
111101011
001001110
000000010
011000000
001000010
110001111
111110010
010111100
101001100
010111100
010000000
001001010
110110110
111101111
010111000
001100000
111100011
010100101
110111001
110000000
010101110
100011000
010111011
001001110
010001001
101001100
110111100
001000010
010000001
000000010
111111001
001000110
010111100
001000010
100000010
101101100
100111001
110101000
010000100
111110000
110111001
010000000
011001001
000010101
111100011
111101011
100111000
010111000
111001011
010110110
001000000
110010100
010111100
111111100
100101000
001001010
110111100
111110100
001001100
010101110
011110100
110110001
110110000
101101000
111101011
110111000
000100100
111110101
111100011
110100000
110111100
111100010
001000001
101101100
001100010
010100000
111011000
101001001
010101110
010000000
011101110
001000110
010111100
111101011
010111100
100110000
111110100
010111000
010101100
010111100
010111100
111110100
000000100
010000000
110111100
000000000
011000000
110101110
001000010
010101110
010101100
100011100
101100100
110111000
001000010
010011000
110111000
111101011
010101110
001000010
001100010
110111110
001010010
010000100
010000000
010111100
101110100
001100010
011101011
111110100
011111100
011110101
110111000
101001100
011000000
111101001
001100010
010000010
111111011
010100110
001000010
010000000
111110100
010000000
101000010
110111000
000101100
010101100
110111000
010101010
010110110
101001100
111001011
010101110
010000000
000101110
010101010
110011000
111110000
100001000
001110000
101011110
001000010
001010010
001100010
111110100
101011110
000000010
111110100
010111100
010000000
110100110
100100010
101101011
011000000
010001000
000000000
110001100
011110100
010111110
101011101
011111110
111110011
110111000
111110100
010001110
101100100
111101111
110111001
010111100
110111000
101001100
010101110
110111000
001000011
001000010
010000000
010000000
111101011
010001110
111110110
001000000
001000010
010111101
101100100
101101100
001001000
101000010
010000000
010010110
010011100
010101000
111101011
111001011
010000000
110101010
010001110
000001010
001000010
110111000
110100110
101000010
001010010
111001011
100001110
101001100
111010100
010101110
010101110
001000011
010101110
111010100
101101000
010100110
010101010
110000000
111101010
010111100
000000000
111110100
111101011
101101011
000111101
011000010
010101110
001000010
010111100
100001100
100001100
010101100
010011100
111010100
001000110
101000010
101001100
010000000
000100010
100001000
101000100
010000000
000000000
100111000
000001110
010111100
110111001
111101001
101001100
101001110
001100010
100001100
010010001
111100001
010111100
101101010
110111000
011000000
111110100
101000001
010101010
111101011
110011000
000000011
010100000
110111000
110001110
011101110
111110100
010101111
110101110
010110100
010101000
010000100
001000010
001001111
010000000
010101110
111110100
010000000
011000000
010000000
010111101
000101110
010101010
010100000
101000010
000000010
011111100
001000010
111101011
010111110
110111000
111100100
010101110
111001100
101001000
111010100
111001011
010000000
110000001
010111100
000101110
010001111
010000100
101001100
010111000
010000000
110111100
010000000
110111000
110110100
010000000
110101110
110101011
110100000
111110100
111110100
011000010
010101110
001001010
010101110
101111100
111100100
001110000
100111000
010000000
111101011
111110000
001000010
001000010
111100100
011000000
010111000
111111001
111101111
010010010
010100100
111110100
111110100
011000000
010111100
110111100
001010010
010101110
001000010
010000000
001100010
010101110
110111000
111110100
010000000
010000000
101001000
110011000
110111010
101000110
111101011
010000000
011101010
001010110
111111000
111111011
101101010
111001100
101001100
111110100
110111010
100111000
011101010
110101111
001111100
010111101
001000010
010111100
111110000
100001100
110111000
001000010
001000000
010000100
111001001
010001000
001101100
110111000
101001100
010000000
100001100
010001110
010111100
100111010
111110110
010111100
010000000
110011000
111101010
111011100
010100000
111101100
001011010
001011100
110111000
110110100
100111000
110101110
010101100
111110100
010111100
110111010
111101011
100001110
000000000
110111010
111110100
010001010
111111010
001000010
110111000
111110001
111110100
000111100
111110100
110111000
111101011
101001100
010001100
110000000
110111000
010101011
100111100
111001100
110111010
010111010
110110000
111101011
111101011
001000010
010101110
010100100
011100011
010000000
010000000
110111000
011000000
010011100
001110100
010101111
111001100
101011100
111010101
111000100
111111100
000111100
110110000
010000001
010001110
001000010
110111000
001000000
101001100
010000000
110111000
010101110
001000010
111110100
010010000
010111100
010000000
010000010
011001100
001000000
000000010
101001100
010111001
111110100
111110100
000000010
101010000
010100100
001000010
110111000
010111100
010101010
011101011
010000000
110001010
010101110
111110100
101010100
111001100
111110100
001000010
110111100
010111100
011110100
101001100
101011100
111101010
010000000
101001111
110110000
010111000
001001110
111101111
001000010
101100100
101001100
101101100
111110100
111110101
010001000
110110100
111000100
011111101
110101110
000100010
011000000
010111101
110111000
010101100
111110100
110110000
110111000
111110100
100101001
100001100
000000010
001000010
110111110
101001110
110111000
010111110
010000000
001000111
111110100
110111000
001101010
010101100
010000000
010101110
101011100
010111100
111100100
001000010
000111000
110111100
111100110
110000000
010001110
101001101
001000010
100111000
011000010
001000010
110111000
111110100
001010010
111101011
001000010
110111000
111100101
100011100
111001101
111110100
101001100
101001100
111110100
010101100
110111000
110110100
110011000
110010000
010011100
111101011
101100011
010101110
010000000
110111000
000010010
101000010
010000010
111110001
110111000
011000010
101010010
011110100
001000010
010111101
101011100
100001100
111110100
010111100
101000010
010111100
111101011
111110000
011101100
010000000
011000010
111001100
010111100
111110000
111001011
001010010
101000010
111101011
111110100
001001010
001000011
011111100
100110110
010100000
111101101
010001000
110101111
110111000
000101110
001000001
101010100
001000110
010000000
111101011
011011100
010111100
111110100
011000000
010000010
010111110
011110101
111010100
111100011
010000001
011000000
111110100
010000010
010000001
010111100
111110100
010101110
101001000
010001000
001101110
010101110
011010000
110111000
010111101
110111110
111110100
001000010
110110000
010100110
010111100
001000010
101001101
111101011
010101110
110110000
111010100
010111110
010101100
001010010
111110100
010101110
110011001
011110100
111101001
010101110
111101010
111110000
111101001
010101110
010101110
010111110
110111100
110000000
010100000
011101010
010010000
111001101
111101011
010101111
111110100
100001100
010111100
000111100
010101110
111101011
110111000
111110100
000101110
110111101
101000010
111110100
110111000
100110001
110000000
111110100
001000010
010000010
010111100
010101110
101001100
101001101
110101000
000000010
111101011
010000000
001000010
111001101
010001000
010101010
010101110
010001010
110101010
010000000
111101011
101001001
110111010
111110000
111110000
101010010
110110000
010100000
010101110
011111110
010101111
011110100
011000010
011101110
010111100
010000010
110110100
010001010
010000000
010001110
101000100
000101110
110001011
010101110
010101110
110001100
110111011
001011010
110000000
000000110
111111100
010000100
010111100
011000001
010101110
111101010
111111100
010000000
001001010
010010001
010111010
000000000
010111001
101001100
010000000
010101010
010111110
011000001
101001100
001010010
101001010
110101100
111111111
100000000
111110100
011000000
111101011
110111000
010111000
001000010
010101110
001000010
010111100
110111000
101001000
101001000
111000010
111010100
110111001
110111000
010111100
010101110
100111000
010000000
001000010
010000000
110100011
111110100
110001000
110111000
001000010
010110100
101101011
011110000
010101110
111110100
010010000
110100110
011101011
111110101
000000000
110011000
111101010
110111010
000101110
010101110
011110100
010111100
010001000
000111110
101001100
111110100
100110100
010101100
010000000
111110100
111101011
001000010
111100000
110101111
010101110
101000100
010110100
010111000
101001000
111001110
010101110
001001100
111101011
010101110
010000100
111101001
011011100
111101000
111111011
010000000
110111000
010111100
010111100
010111000
100101000
110111000
010000000
010111100
010000010
001100011
001000010
111110100
010110100
011111010
010000010
011101010
000000000
101001100
010101000
010111100
001001011
110111000
000111101
001000010
111101011
110000000
010111101
110101000
011111100
010101110
001010010
010111100
110111100
001001010
001000010
111101011
101010100
010000000
010101100
111101011
010110111
111100100
101001100
001001110
010100100
010111100
010000000
111101101
111101010
111000011
111110100
010111000
001000010
111101011
111100001
010101110
010011100
111101011
010101110
001100111
010101000
110111000
110010100
010000000
010000000
010111110
010111101
000111111
001000010
111100011
011100000
000000000
110111010
101001100
110101011
110111000
001100010
011101011
010001111
011101110
010000000
111101011
111100100
101001100
101001100
111110100
110100011
010111101
010101110
101101100
110101000
111011100
111110100
110101000
111101011
011000000
110111000
001000010
111010100
001000111
010000000
101001100
011111100
101101100
001100010
110111010
010111100
110111010
111110100
001100110
010000010
111101011
010101101
010101110
010111100
001000010
010101110
010000000
111011000
101011100
001000010
111101011
101101100
010101110
011111100
111110100
000111100
010010001
001000010
111110100
010101110
111101010
010111100
111001011
010111100
010111110
011101010
101001100
011101111
010100010
001000010
001000010
110000000
111101011
111101011
101001100
111111011
101001100
101011101
111110100
101101100
010000000
101101110
010101110
110111011
101000110
111110100
110111000
101110000
001101011
111111011
010000000
111000101
111101011
010001001
001000010
001000010
010000000
010000000
001111011
111110100
001000010
010101110
010000000
111000001
001000010
100101011
101001100
010101110
010101110
111010100
101101100
111101111
000000000
001000000
001000010
111101011
110011000
010101110
011111000
010101110
010001000
110000100
010111100
110111000
010111110
111100101
111110100
111101011
010111110
111110100
100111000
101100110
001000010
111101111
110101110
110111100
001000010
001100010
001000010
110111000
111101011
101101111
110101110
111100100
111110100
010111100
011110100
001001010
011000100
010110110
001001110
001011000
010000001
011101000
110101000
010101010
111010100
101110100
110000000
110111100
010101110
111110110
001000010
000000000
101111001
111101011
010111000
101011111
111101011
011000010
101000110
111110000
111101011
010111000
001100010
011000100
010111100
111100011
010010100
101000010
110111001
111111101
100110000
010111100
011000010
101000110
111100011
010001000
111110111
111101011
010000000
001000000
000101110
111101100
000000000
010001110
110101000
111110100
001000011
011111100
110101011
110110110
010111100
100111000
111101011
111111111
011111100
110111000
110100000
101001010
011110100
111011000
110011000
111000000
101100011
001000010
010111100
010111100
000111100
110101100
110111110
101001000
110110100
010101110
110110100
100111000
001000000
110110100
101001100
011111100
010101110
111110100
010101100
101000010
001000010
001100011
010000100
111101011
010101011
111101011
011111000
011110110
010001100
010111000
010100110
110101110
010110100
111110100
000111100
000000000
100110100
110111001
001001101
101001100
111101011
110110100
111110100
010111110
010111101
001010010
010001000
111101011
101110100
110111001
010000000
010101110
001000010
011111100
010000000
010111100
101001100
111110001
111101011
101110100
000101110
110111010
100001000
010111000
111110000
010111000
111010100
111001011
010111100
101001100
110101110
010101110
010111100
110111000
110101001
110111000
010111100
010010000
010111100
111111000
101001100
110101011
010101100
111001000
111110000
111101011
010111000
010001000
101001101
101001100
010000000
000001000
111101111
111010110
010111110
001000010
101000010
011000000
110001011
010101010
010110100
101111001
110111000
010001000
010111100
110111010
101011100
001111110
010101110
110101010
001000000
111110100
110111000
010101110
001000010
111100011
001000010
101001101
111001000
001000010
111101001
000000010
111110110
100001100
101001101
111101011
111111011
010000000
001000010
111101011
010100000
011111101
111001011
111010100
101001000
111111100
111110100
010001000
111101011
101001011
010000000
010111100
010110000
111101011
111101011
010010010
010111000
000101110
000101110
010101110
001001100
111101011
111111011
010101110
001000010
010001000
110101000
010101111
101110100
010110100
010111000
010011010
111101011
010101110
001000010
110101000
110010000
010101110
111101011
000111110
111111000
101000010
001000010
010101110
110100100
111101110
101001100
111101011
101100100
010101000
000001010
101001100
011111000
011101000
001000010
101001111
111110010
110100000
001000011
011111000
111001001
111101011
010101110
011101101
110000000
010100000
001000010
111100111
010101100
011101011
101001100
000000010
111111000
010000000
110111000
111101011
001001100
110100000
010111101
010101110
010111010
101011100
110111000
111110100
010101110
101011100
100111000
010000000
010111100
001000110
101000010
001111101
010101100
101011100
001000010
001000000
110111000
111101011
010111100
101000100
010100110
110011010
001000011
010100110
010101110
010100110
111101111
111110000
101001100
001000010
010101110
111101011
101001100
111110100
010101110
101110100
010000000
111101011
111110101
101110000
101001100
111110100
010010000
111101011
001000010
010111100
110101110
110111010
010111100
111000100
101011100
011111000
010101110
101101001
111111100
110111000
001000010
010000000
111110100
010101100
111110101
010000100
010000110
111110110
110011110
111101011
111110100
001000010
010000000
001100010
010101110
010000000
010100000
010101110
010000000
010101110
110111110
110101110
001000010
010101100
010111100
111110100
011101110
100111000
010000110
001000000
011100011
010111101
111101011
110110100
011101110
000110100
111101011
010001000
011100011
101000010
101001011
101001110
111101011
010001000
111110110
010111111
111101011
110110100
110011100
010000000
111101011
001000010
010101110
001000110
010101100
111101010
111101011
111100010
010000000
100111000
110000000
111110100
011000110
101001101
010111000
111100100
111101011
111110100
111110100
001000010
110111000
011001110
111110100
010111101
001000011
101001100
001000010
010101100
111111011
111111011
110110000
011101101
000000000
010101110
010101100
101001100
101000100
110101110
110101110
101010010
110000000
001001100
001000010
010101110
110000000
000111100
110011000
110111000
111100100
101001100
100000100
010111011
111010000
111101011
101000100
111000101
011100011
111001100
111001011
111101100
101001100
111110100
111110100
